1; 05-01-2021 14:11:00.191; 10
47,48,29,69,3,56,80,90,38,21
2000.0

1; 05-01-2021 14:11:00.191; 2
28,75
400.0

0; 05-01-2021 14:11:00.191; 5
61,81,58,74,10
500.0

2; 05-01-2021 14:11:00.192; 9
81,75,91,1,93,89,90,41,72
2700.0

2; 05-01-2021 14:11:00.191; 4
23,25,39,62
1200.0

1; 05-01-2021 14:11:02.190; 6
74,13,35,26,37,7
1200.0

1; 05-01-2021 14:11:02.190; 4
76,61,81,49
800.0

2; 05-01-2021 14:11:02.190; 1
67
300.0

2; 05-01-2021 14:11:02.190; 2
64,61
600.0

1; 05-01-2021 14:11:02.192; 3
84,70,31
600.0

0; 05-01-2021 14:11:04.189; 3
89,44,77
300.0

1; 05-01-2021 14:11:04.189; 5
55,4,33,14,36
1000.0

2; 05-01-2021 14:11:04.193; 7
11,60,77,97,7,76,36
2100.0

0; 05-01-2021 14:11:04.193; 5
7,64,4,99,60
500.0

2; 05-01-2021 14:11:06.189; 5
19,40,20,87,22
1500.0

0; 05-01-2021 14:11:06.189; 6
97,91,28,65,45,40
600.0

0; 05-01-2021 14:11:06.193; 3
57,98,19
300.0

0; 05-01-2021 14:11:08.190; 1
13
100.0

1; 05-01-2021 14:11:08.192; 5
9,93,94,17,15
1000.0

1; 05-01-2021 14:11:08.192; 2
57,63
400.0

2; 05-01-2021 14:11:08.192; 2
50,79
600.0

1; 05-01-2021 14:11:10.189; 3
16,98,41
600.0

2; 05-01-2021 14:11:10.193; 2
84,58
600.0

0; 05-01-2021 14:11:12.189; 8
93,8,84,31,96,30,20,73
800.0

0; 05-01-2021 14:11:12.189; 2
14,25
200.0

0; 05-01-2021 14:11:12.191; 3
43,69,41
300.0

1; 05-01-2021 14:11:12.193; 1
39
200.0

2; 05-01-2021 14:11:12.193; 4
15,29,69,44
1200.0

0; 05-01-2021 14:11:14.189; 3
38,100,17
300.0

2; 05-01-2021 14:11:14.189; 3
8,78,56
900.0

2; 05-01-2021 14:11:16.190; 3
86,51,42
900.0

0; 05-01-2021 14:11:16.192; 6
59,53,76,29,51,94
600.0

0; 05-01-2021 14:11:16.192; 1
11
100.0

1; 05-01-2021 14:11:16.192; 1
85
200.0

0; 05-01-2021 14:11:18.189; 3
34,90,70
300.0

0; 05-01-2021 14:11:20.190; 1
78
100.0

2; 05-01-2021 14:11:20.190; 2
74,80
600.0

1; 05-01-2021 14:11:22.193; 3
24,42,86
600.0

0; 05-01-2021 14:11:24.189; 2
2,12
200.0

1; 05-01-2021 14:11:24.192; 2
77,79
400.0

2; 05-01-2021 14:11:26.193; 1
10
300.0

0; 05-01-2021 14:11:28.192; 1
24
100.0

0; 05-01-2021 14:11:30.192; 1
55
100.0

0; 05-01-2021 14:11:36.192; 1
1
100.0

2; 05-01-2021 14:11:38.190; 1
6
300.0

0; 05-01-2021 14:11:46.193; 7
33,71,95,56,47,66,82
700.0

1; 05-01-2021 14:11:52.193; 1
1
200.0

0; 05-01-2021 14:11:54.192; 1
46
100.0

0; 05-01-2021 14:11:56.191; 2
21,6
200.0

0; 05-01-2021 14:11:58.192; 2
23,49
200.0

1; 05-01-2021 14:12:00.191; 1
83
200.0

1; 05-01-2021 14:12:02.190; 2
82,89
400.0

2; 05-01-2021 14:12:02.192; 3
59,14,71
900.0

1; 05-01-2021 14:12:04.190; 2
88,72
400.0

2; 05-01-2021 14:12:04.192; 4
30,4,53,2
1200.0

2; 05-01-2021 14:12:04.192; 2
28,54
600.0

2; 05-01-2021 14:12:06.189; 1
48
300.0

1; 05-01-2021 14:12:08.189; 3
78,100,22
600.0

2; 05-01-2021 14:12:10.193; 1
49
300.0

2; 05-01-2021 14:12:12.193; 1
17
300.0

1; 05-01-2021 14:12:14.193; 2
27,58
400.0

1; 05-01-2021 14:12:26.192; 2
23,91
400.0

1; 05-01-2021 14:12:28.190; 1
60
200.0

2; 05-01-2021 14:12:40.192; 2
52,35
600.0

0; 05-01-2021 14:12:50.192; 2
87,79
200.0

2; 05-01-2021 14:12:54.192; 1
27
300.0

1; 05-01-2021 14:12:56.192; 6
52,62,10,96,8,40
1200.0

2; 05-01-2021 14:12:58.191; 2
99,13
600.0

