1; 05-01-2021 14:36:17.151; 3
37,40,30
600.0

0; 05-01-2021 14:36:17.151; 9
79,65,96,53,49,3,24,5,62
900.0

2; 05-01-2021 14:36:17.151; 1
19
300.0

1; 05-01-2021 14:36:17.151; 10
99,14,43,76,80,79,21,85,18,25
2000.0

0; 05-01-2021 14:36:17.152; 2
27,84
200.0

1; 05-01-2021 14:36:17.152; 3
71,70,22
600.0

2; 05-01-2021 14:36:17.152; 10
65,51,35,66,3,67,6,81,20,96
3000.0

1; 05-01-2021 14:36:17.153; 2
88,61
400.0

0; 05-01-2021 14:36:19.147; 1
86
100.0

2; 05-01-2021 14:36:19.147; 6
31,21,73,5,83,50
1800.0

1; 05-01-2021 14:36:19.148; 1
68
200.0

2; 05-01-2021 14:36:19.148; 1
7
300.0

2; 05-01-2021 14:36:19.148; 5
38,33,60,97,98
1500.0

0; 05-01-2021 14:36:21.145; 2
31,16
200.0

1; 05-01-2021 14:36:21.146; 6
72,4,32,8,52,15
1200.0

0; 05-01-2021 14:36:21.146; 3
89,13,92
300.0

0; 05-01-2021 14:36:23.146; 6
100,99,78,14,7,1
600.0

2; 05-01-2021 14:36:23.147; 6
18,61,95,64,43,68
1800.0

0; 05-01-2021 14:36:23.147; 3
69,19,68
300.0

1; 05-01-2021 14:36:25.145; 4
31,65,64,57
800.0

0; 05-01-2021 14:36:25.147; 5
77,97,87,64,23
500.0

2; 05-01-2021 14:36:25.147; 7
16,44,47,29,82,77,27
2100.0

1; 05-01-2021 14:36:25.193; 4
53,11,56,94
800.0

2; 05-01-2021 14:36:27.147; 4
8,89,52,91
1200.0

0; 05-01-2021 14:36:27.147; 1
39
100.0

1; 05-01-2021 14:36:29.145; 3
86,87,17
600.0

1; 05-01-2021 14:36:31.145; 1
41
200.0

1; 05-01-2021 14:36:31.145; 1
38
200.0

1; 05-01-2021 14:36:31.145; 3
60,5,77
600.0

1; 05-01-2021 14:36:35.145; 1
59
200.0

0; 05-01-2021 14:36:35.151; 4
61,21,98,55
400.0

0; 05-01-2021 14:36:35.151; 1
82
100.0

1; 05-01-2021 14:36:37.146; 4
1,50,55,49
800.0

1; 05-01-2021 14:36:37.146; 1
19
200.0

2; 05-01-2021 14:36:39.145; 1
1
300.0

0; 05-01-2021 14:36:39.146; 5
91,41,81,66,83
500.0

2; 05-01-2021 14:36:43.146; 2
57,40
600.0

2; 05-01-2021 14:36:45.146; 1
2
300.0

1; 05-01-2021 14:36:47.146; 1
48
200.0

0; 05-01-2021 14:36:51.145; 1
20
100.0

2; 05-01-2021 14:36:51.146; 1
11
300.0

2; 05-01-2021 14:36:53.147; 1
62
300.0

1; 05-01-2021 14:36:55.146; 3
95,73,69
600.0

1; 05-01-2021 14:36:57.146; 5
47,89,92,90,100
1000.0

2; 05-01-2021 14:36:57.146; 1
49
300.0

1; 05-01-2021 14:36:59.147; 1
6
200.0

0; 05-01-2021 14:37:05.145; 5
22,60,50,47,80
500.0

1; 05-01-2021 14:37:09.146; 1
13
200.0

1; 05-01-2021 14:37:13.146; 1
24
200.0

1; 05-01-2021 14:37:15.146; 1
35
200.0

0; 05-01-2021 14:37:17.145; 1
46
100.0

2; 05-01-2021 14:37:17.146; 4
76,36,15,22
1200.0

1; 05-01-2021 14:37:25.145; 1
20
200.0

0; 05-01-2021 14:37:25.145; 3
76,25,94
300.0

2; 05-01-2021 14:37:33.145; 1
28
300.0

0; 05-01-2021 14:37:39.147; 1
37
100.0

1; 05-01-2021 14:37:41.145; 1
7
200.0

2; 05-01-2021 14:37:41.145; 1
84
300.0

2; 05-01-2021 14:37:41.145; 1
41
300.0

2; 05-01-2021 14:37:45.145; 2
100,78
600.0

2; 05-01-2021 14:37:45.145; 2
58,24
600.0

2; 05-01-2021 14:37:47.145; 2
74,72
600.0

2; 05-01-2021 14:37:47.145; 1
45
300.0

1; 05-01-2021 14:37:47.146; 3
75,33,9
600.0

1; 05-01-2021 14:37:47.146; 1
67
200.0

0; 05-01-2021 14:37:53.147; 2
67,4
200.0

0; 05-01-2021 14:37:55.145; 2
52,71
200.0

0; 05-01-2021 14:37:55.145; 2
48,88
200.0

1; 05-01-2021 14:37:59.146; 3
42,78,44
600.0

2; 05-01-2021 14:38:01.145; 1
34
300.0

