1; 05-01-2021 12:10:59.210; 2
52,28
400.0

0; 05-01-2021 12:10:59.210; 6
32,24,28,54,85,45
600.0

1; 05-01-2021 12:10:59.210; 2
43,88
400.0

1; 05-01-2021 12:10:59.210; 5
33,1,73,70,55
1000.0

0; 05-01-2021 12:10:59.210; 8
42,48,39,20,50,9,19,38
800.0

1; 05-01-2021 12:10:59.210; 2
51,20
400.0

1; 05-01-2021 12:10:59.210; 3
99,68,62
600.0

0; 05-01-2021 12:10:59.210; 4
90,25,43,75
400.0

1; 05-01-2021 12:10:59.210; 4
26,22,100,16
800.0

1; 05-01-2021 12:11:01.208; 2
66,72
400.0

2; 05-01-2021 12:11:01.208; 10
62,82,5,71,1,23,85,70,52,66
3000.0

0; 05-01-2021 12:11:01.208; 5
35,11,15,66,73
500.0

1; 05-01-2021 12:11:01.208; 3
80,27,36
600.0

2; 05-01-2021 12:11:01.208; 2
90,97
600.0

2; 05-01-2021 12:11:03.227; 4
76,57,78,86
1200.0

2; 05-01-2021 12:11:03.227; 1
8
300.0

1; 05-01-2021 12:11:03.227; 1
18
200.0

2; 05-01-2021 12:11:05.217; 1
81
300.0

0; 05-01-2021 12:11:05.217; 4
47,12,37,80
400.0

0; 05-01-2021 12:11:05.217; 3
10,30,41
300.0

2; 05-01-2021 12:11:05.217; 8
21,18,3,10,64,26,22,40
2400.0

2; 05-01-2021 12:11:07.214; 3
49,92,45
900.0

2; 05-01-2021 12:11:07.214; 6
98,88,58,56,31,100
1800.0

0; 05-01-2021 12:11:09.214; 8
7,23,100,60,72,93,64,53
800.0

1; 05-01-2021 12:11:09.214; 6
45,19,12,5,92,44
1200.0

0; 05-01-2021 12:11:11.219; 2
78,99
200.0

2; 05-01-2021 12:11:11.219; 1
11
300.0

1; 05-01-2021 12:11:15.208; 4
17,30,37,3
800.0

