05-01-2021 12:11:52.683
0; 0.0; corect;
1; 0.0; corect;
2; 0.0; corect;

05-01-2021 12:11:57.680
0; 2700.0; corect; 2,3,7,11,13,14,19,22,26,33,36,41,44,45,47,59,61,68,71,75,76,77,80,86,89,91,99
1; 3400.0; corect; 1,10,26,28,33,36,38,40,42,56,57,58,64,90,92,94,96
2; 6900.0; corect; 11,12,15,21,22,34,35,36,42,46,53,58,59,64,66,67,69,75,89,92,95,96,97

05-01-2021 12:12:02.672
0; 2700.0; gresit; 2,3,7,11,13,14,19,22,26,33,36,41,44,45,47,59,61,68,71,75,76,77,80,86,89,91,99
1; 4200.0; gresit; 1,10,18,26,28,33,36,38,40,42,48,52,56,57,58,63,64,90,92,94,96
2; 9300.0; gresit; 2,11,12,15,21,22,34,35,36,42,46,47,53,58,59,64,65,66,67,69,74,75,81,88,89,92,93,95,96,97,100

05-01-2021 12:12:07.679
0; 4200.0; corect; 2,3,4,5,7,10,11,13,14,15,19,20,22,26,31,32,33,36,41,42,44,45,47,58,59,61,62,68,71,75,76,77,80,81,82,83,86,89,90,91,99,100
1; 5200.0; corect; 1,2,4,10,18,26,28,31,33,36,38,40,42,48,52,56,57,58,60,63,64,66,90,92,94,96
2; 12300.0; corect; 1,2,4,11,12,15,21,22,30,33,34,35,36,37,42,43,46,47,49,53,58,59,61,64,65,66,67,69,71,74,75,78,81,88,89,92,93,95,96,97,100



Vanzari esuate:
0; 05-01-2021 12:11:54.674; 9
11,76,42,89,55,80,90,19,23
900.0
2; 05-01-2021 12:11:54.674; 8
96,49,16,95,17,15,72,10
2400.0
0; 05-01-2021 12:11:56.677; 10
100,81,75,56,52,67,77,29,31,96
1000.0
1; 05-01-2021 12:11:56.677; 8
89,2,26,38,18,60,77,81
1600.0
2; 05-01-2021 12:11:56.677; 5
80,42,31,55,91
1500.0
2; 05-01-2021 12:11:56.677; 9
93,81,88,31,85,64,10,76,75
2700.0
2; 05-01-2021 12:11:56.677; 10
29,41,5,82,53,64,26,40,99,86
3000.0
2; 05-01-2021 12:11:58.673; 6
36,30,66,64,20,67
1800.0
0; 05-01-2021 12:11:58.673; 6
97,28,53,100,44,40
600.0
1; 05-01-2021 12:11:58.673; 9
77,99,50,33,44,79,58,93,27
1800.0
2; 05-01-2021 12:11:58.673; 8
79,21,94,34,56,14,52,9
2400.0
2; 05-01-2021 12:11:58.673; 8
69,23,53,40,68,19,65,48
2400.0
0; 05-01-2021 12:11:58.673; 10
71,74,41,38,60,29,17,43,5,66
1000.0
2; 05-01-2021 12:11:58.673; 9
38,15,60,33,4,44,70,39,40
2700.0
0; 05-01-2021 12:11:58.673; 6
24,27,88,75,49,11
600.0
0; 05-01-2021 12:12:00.690; 2
95,44
200.0
0; 05-01-2021 12:12:00.690; 2
33,66
200.0
0; 05-01-2021 12:12:00.690; 6
54,3,42,95,19,12
600.0
1; 05-01-2021 12:12:00.690; 10
40,32,67,33,46,98,35,2,95,18
2000.0
2; 05-01-2021 12:12:00.690; 8
25,6,26,79,63,67,44,49
2400.0
1; 05-01-2021 12:12:00.690; 10
100,40,77,62,87,31,2,43,42,79
2000.0
2; 05-01-2021 12:12:00.690; 6
32,83,47,98,55,4
1800.0
1; 05-01-2021 12:12:02.672; 9
8,13,71,36,96,98,93,87,54
1800.0
0; 05-01-2021 12:12:02.672; 5
81,67,63,41,69
500.0
0; 05-01-2021 12:12:02.672; 5
7,73,67,74,48
500.0
2; 05-01-2021 12:12:02.672; 7
19,13,89,71,75,33,16
2100.0
2; 05-01-2021 12:12:02.672; 8
33,7,59,64,82,35,17,46
2400.0
0; 05-01-2021 12:12:02.672; 9
10,19,95,83,62,4,70,100,60
900.0
0; 05-01-2021 12:12:04.674; 2
2,79
200.0
1; 05-01-2021 12:12:04.674; 6
44,42,37,82,47,24
1200.0
2; 05-01-2021 12:12:04.674; 8
4,8,95,98,87,7,39,26
2400.0
0; 05-01-2021 12:12:04.674; 1
75
100.0
0; 05-01-2021 12:12:04.674; 7
96,45,59,100,60,19,30
700.0
0; 05-01-2021 12:12:04.674; 7
23,54,12,9,48,53,100
700.0
0; 05-01-2021 12:12:06.677; 4
46,24,32,31
400.0
2; 05-01-2021 12:12:06.677; 10
20,59,62,74,76,18,10,83,52,72
3000.0
1; 05-01-2021 12:12:06.677; 3
98,81,56
600.0
0; 05-01-2021 12:12:06.677; 6
41,95,73,31,93,27
600.0
0; 05-01-2021 12:12:06.677; 7
5,23,3,61,70,46,21
700.0
1; 05-01-2021 12:12:06.677; 7
51,78,86,15,35,62,52
1400.0
0; 05-01-2021 12:12:08.680; 7
35,28,94,90,100,48,25
700.0
2; 05-01-2021 12:12:08.680; 8
32,8,46,89,69,5,29,38
2400.0
1; 05-01-2021 12:12:08.680; 2
1,7
400.0
1; 05-01-2021 12:12:08.680; 8
90,78,16,43,100,64,62,79
1600.0
2; 05-01-2021 12:12:08.680; 4
20,51,21,46
1200.0
0; 05-01-2021 12:12:08.680; 4
2,7,91,93
400.0
1; 05-01-2021 12:12:08.680; 6
60,46,50,40,69,61
1200.0
1; 05-01-2021 12:12:08.680; 10
72,91,68,88,53,81,28,74,35,25
2000.0
0; 05-01-2021 12:12:08.680; 10
3,47,20,77,85,10,52,31,25,93
1000.0
0; 05-01-2021 12:12:10.683; 10
70,61,77,96,52,10,82,13,39,50
1000.0
2; 05-01-2021 12:12:10.683; 3
11,70,55
900.0
1; 05-01-2021 12:12:10.683; 1
94
200.0
0; 05-01-2021 12:12:10.683; 5
20,22,66,6,52
500.0
0; 05-01-2021 12:12:10.683; 7
63,7,64,62,86,38,23
700.0
1; 05-01-2021 12:12:10.683; 10
10,72,24,13,100,33,87,28,36,11
2000.0
0; 05-01-2021 12:12:10.683; 6
40,21,39,75,79,48
600.0
0; 05-01-2021 12:12:10.683; 8
55,21,3,91,8,92,78,84
800.0
