05-01-2021 12:10:57.224
0; 0.0; corect;
1; 0.0; corect;
2; 0.0; corect;

05-01-2021 12:11:02.215
0; 2300.0; corect; 9,11,15,19,20,24,25,28,32,35,38,39,42,43,45,48,50,54,66,73,75,85,90
1; 4600.0; corect; 1,16,20,22,26,27,28,33,36,43,51,52,55,62,66,68,70,72,73,80,88,99,100
2; 3600.0; corect; 1,5,23,52,62,66,70,71,82,85,90,97

05-01-2021 12:11:07.214
0; 3000.0; corect; 9,10,11,12,15,19,20,24,25,28,30,32,35,37,38,39,41,42,43,45,47,48,50,54,66,73,75,80,85,90
1; 4800.0; corect; 1,16,18,20,22,26,27,28,33,36,43,51,52,55,62,66,68,70,72,73,80,88,99,100
2; 7800.0; gresit; 1,3,5,8,10,18,21,22,23,26,40,52,57,62,64,66,70,71,76,78,81,82,85,86,90,97

05-01-2021 12:11:12.209
0; 4000.0; corect; 7,9,10,11,12,15,19,20,23,24,25,28,30,32,35,37,38,39,41,42,43,45,47,48,50,53,54,60,64,66,72,73,75,78,80,85,90,93,99,100
1; 6000.0; corect; 1,5,12,16,18,19,20,22,26,27,28,33,36,43,44,45,51,52,55,62,66,68,70,72,73,80,88,92,99,100
2; 10800.0; corect; 1,3,5,8,10,11,18,21,22,23,26,31,40,45,49,52,56,57,58,62,64,66,70,71,76,78,81,82,85,86,88,90,92,97,98,100



Vanzari esuate:
0; 05-01-2021 12:10:59.210; 2
55,48
200.0
1; 05-01-2021 12:11:01.208; 3
33,15,47
600.0
1; 05-01-2021 12:11:01.208; 9
79,37,46,8,66,80,94,71,25
1800.0
0; 05-01-2021 12:11:01.208; 2
11,9
200.0
2; 05-01-2021 12:11:01.208; 7
64,81,59,77,11,62,16
2100.0
0; 05-01-2021 12:11:01.208; 8
27,17,86,74,15,71,91,16
800.0
0; 05-01-2021 12:11:03.227; 9
84,91,52,53,96,15,39,4,94
900.0
1; 05-01-2021 12:11:03.227; 6
72,77,42,67,45,41
1200.0
1; 05-01-2021 12:11:03.227; 3
100,76,33
600.0
1; 05-01-2021 12:11:03.227; 5
69,15,75,97,80
1000.0
1; 05-01-2021 12:11:03.227; 9
90,71,58,6,52,32,29,30,26
1800.0
2; 05-01-2021 12:11:03.227; 9
18,77,27,63,83,70,6,20,61
2700.0
2; 05-01-2021 12:11:03.227; 6
1,96,79,13,57,4
1800.0
0; 05-01-2021 12:11:05.217; 10
33,90,93,55,68,30,53,35,48,21
1000.0
1; 05-01-2021 12:11:05.217; 3
18,39,80
600.0
0; 05-01-2021 12:11:05.217; 10
56,57,23,99,61,70,51,98,54,19
1000.0
0; 05-01-2021 12:11:05.217; 6
59,25,65,58,93,46
600.0
1; 05-01-2021 12:11:05.217; 2
95,88
400.0
0; 05-01-2021 12:11:05.217; 10
57,56,16,62,3,55,42,25,69,7
1000.0
2; 05-01-2021 12:11:07.214; 5
32,37,8,81,31
1500.0
1; 05-01-2021 12:11:07.214; 3
73,95,58
600.0
0; 05-01-2021 12:11:07.214; 3
62,33,41
300.0
1; 05-01-2021 12:11:07.214; 3
71,4,27
600.0
1; 05-01-2021 12:11:07.214; 10
36,74,41,24,20,92,18,89,77,6
2000.0
2; 05-01-2021 12:11:07.214; 6
73,47,49,55,61,69
1800.0
1; 05-01-2021 12:11:07.214; 4
55,80,11,47
800.0
2; 05-01-2021 12:11:07.214; 8
9,32,8,15,55,20,35,91
2400.0
0; 05-01-2021 12:11:09.214; 8
21,79,57,19,31,52,96,89
800.0
1; 05-01-2021 12:11:09.214; 6
6,18,4,2,29,8
1200.0
0; 05-01-2021 12:11:09.214; 2
99,80
200.0
2; 05-01-2021 12:11:09.214; 3
67,76,18
900.0
1; 05-01-2021 12:11:09.214; 2
80,16
400.0
1; 05-01-2021 12:11:09.214; 7
99,47,61,30,50,24,98
1400.0
2; 05-01-2021 12:11:09.214; 5
76,77,12,75,8
1500.0
0; 05-01-2021 12:11:09.214; 6
37,31,35,20,27,12
600.0
1; 05-01-2021 12:11:11.219; 8
37,21,32,18,15,81,55,23
1600.0
0; 05-01-2021 12:11:11.219; 9
73,21,35,91,53,19,40,4,7
900.0
1; 05-01-2021 12:11:11.219; 1
70
200.0
1; 05-01-2021 12:11:11.219; 9
82,100,63,46,21,55,50,38,37
1800.0
0; 05-01-2021 12:11:11.219; 9
17,94,3,76,58,32,93,44,38
900.0
1; 05-01-2021 12:11:11.219; 6
78,99,65,49,27,13
1200.0
0; 05-01-2021 12:11:11.219; 3
60,20,34
300.0
2; 05-01-2021 12:11:11.219; 9
98,32,44,50,29,76,7,72,36
2700.0
0; 05-01-2021 12:11:13.219; 1
99
100.0
1; 05-01-2021 12:11:13.219; 8
50,21,27,49,7,78,5,42
1600.0
2; 05-01-2021 12:11:13.219; 4
26,81,12,76
1200.0
0; 05-01-2021 12:11:13.219; 4
41,56,46,71
400.0
2; 05-01-2021 12:11:13.219; 5
12,65,92,61,25
1500.0
0; 05-01-2021 12:11:13.219; 3
50,9,12
300.0
2; 05-01-2021 12:11:13.219; 9
72,25,33,76,19,5,89,28,74
2700.0
0; 05-01-2021 12:11:13.219; 9
14,38,50,19,52,3,15,13,48
900.0
0; 05-01-2021 12:11:13.219; 7
46,32,50,62,80,95,34
700.0
2; 05-01-2021 12:11:13.219; 5
27,64,8,83,84
1500.0
1; 05-01-2021 12:11:15.207; 7
32,51,16,42,43,73,80
1400.0
1; 05-01-2021 12:11:15.207; 10
73,3,36,42,22,9,70,65,34,43
2000.0
1; 05-01-2021 12:11:15.207; 8
81,60,74,14,73,83,27,66
1600.0
2; 05-01-2021 12:11:15.207; 5
40,9,81,90,30
1500.0
2; 05-01-2021 12:11:15.208; 9
98,39,27,70,24,29,81,79,6
2700.0
0; 05-01-2021 12:11:15.208; 1
24
100.0
2; 05-01-2021 12:11:15.208; 3
90,32,89
900.0
0; 05-01-2021 12:11:15.208; 9
9,73,24,56,18,64,41,5,69
900.0
1; 05-01-2021 12:11:15.208; 4
87,15,30,7
800.0
