05-01-2021 20:18:37.442
0; 0.0; corect;
1; 0.0; corect;
2; 0.0; corect;

05-01-2021 20:18:42.416
0; 2300.0; corect; 9,15,18,19,21,24,25,26,33,47,53,62,68,70,73,74,75,78,80,81,91,93,100
1; 3800.0; corect; 8,19,20,22,25,30,44,48,51,53,55,56,57,62,66,82,84,88,100
2; 8400.0; corect; 1,3,6,12,14,15,16,18,19,21,38,45,53,54,58,60,63,66,69,73,75,77,82,85,86,89,98,100

05-01-2021 20:18:47.415
0; 2800.0; corect; 8,9,15,18,19,21,24,25,26,33,42,43,47,53,62,68,70,73,74,75,78,80,81,90,91,93,94,100
1; 4600.0; corect; 8,14,19,20,22,25,30,44,48,51,53,55,56,57,62,66,73,79,82,84,88,98,100
2; 8700.0; corect; 1,3,6,12,14,15,16,18,19,21,25,38,45,53,54,58,60,63,66,69,73,75,77,82,85,86,89,98,100

05-01-2021 20:18:52.417
0; 3100.0; corect; 8,9,15,18,19,21,24,25,26,33,34,38,42,43,47,53,62,63,68,70,73,74,75,78,80,81,90,91,93,94,100
1; 7800.0; corect; 2,3,4,5,6,8,14,19,20,22,25,28,30,37,40,41,44,48,49,50,51,53,55,56,57,61,62,65,66,73,74,79,82,84,88,89,96,98,100
2; 10800.0; corect; 1,3,6,12,14,15,16,18,19,21,25,38,40,44,45,53,54,56,58,60,63,66,69,71,72,73,75,77,79,82,85,86,89,93,98,100

05-01-2021 20:18:57.417
0; 3400.0; corect; 8,9,15,18,19,21,24,25,26,33,34,38,40,42,43,47,53,62,63,68,70,73,74,75,78,79,80,81,90,91,93,94,95,100
1; 7800.0; corect; 2,3,4,5,6,8,14,19,20,22,25,28,30,37,40,41,44,48,49,50,51,53,55,56,57,61,62,65,66,73,74,79,82,84,88,89,96,98,100
2; 11100.0; corect; 1,3,6,12,14,15,16,18,19,21,25,26,38,40,44,45,53,54,56,58,60,63,66,69,71,72,73,75,77,79,82,85,86,89,93,98,100

05-01-2021 20:19:02.415
0; 4200.0; corect; 7,8,9,15,18,19,21,23,24,25,26,32,33,34,38,40,42,43,47,48,53,62,63,66,68,70,73,74,75,78,79,80,81,83,84,90,91,93,94,95,96,100
1; 8000.0; corect; 2,3,4,5,6,8,14,19,20,22,25,28,30,37,40,41,44,48,49,50,51,53,55,56,57,61,62,65,66,73,74,79,82,83,84,88,89,96,98,100
2; 11100.0; corect; 1,3,6,12,14,15,16,18,19,21,25,26,38,40,44,45,53,54,56,58,60,63,66,69,71,72,73,75,77,79,82,85,86,89,93,98,100

05-01-2021 20:19:07.416
0; 4200.0; corect; 7,8,9,15,18,19,21,23,24,25,26,32,33,34,38,40,42,43,47,48,53,62,63,66,68,70,73,74,75,78,79,80,81,83,84,90,91,93,94,95,96,100
1; 9000.0; corect; 2,3,4,5,6,8,12,13,14,19,20,22,25,28,30,32,37,40,41,44,48,49,50,51,53,54,55,56,57,61,62,65,66,73,74,76,79,82,83,84,88,89,96,98,100
2; 11700.0; corect; 1,3,6,12,14,15,16,18,19,21,25,26,38,40,44,45,46,51,53,54,56,58,60,63,66,69,71,72,73,75,77,79,82,85,86,89,93,98,100

05-01-2021 20:19:12.415
0; 4500.0; corect; 2,7,8,9,15,18,19,21,22,23,24,25,26,32,33,34,38,40,42,43,47,48,53,58,62,63,66,68,70,73,74,75,78,79,80,81,83,84,90,91,93,94,95,96,100
1; 9600.0; corect; 2,3,4,5,6,8,12,13,14,19,20,22,25,28,30,31,32,36,37,40,41,44,48,49,50,51,52,53,54,55,56,57,61,62,65,66,73,74,76,79,82,83,84,88,89,96,98,100
2; 15000.0; corect; 1,2,3,6,12,14,15,16,18,19,21,22,25,26,29,32,33,38,40,44,45,46,51,52,53,54,56,58,60,63,64,66,67,69,71,72,73,75,77,79,82,85,86,89,90,91,93,97,98,100

05-01-2021 20:19:17.415
0; 4600.0; corect; 2,7,8,9,10,15,18,19,21,22,23,24,25,26,32,33,34,38,40,42,43,47,48,53,58,62,63,66,68,70,73,74,75,78,79,80,81,83,84,90,91,93,94,95,96,100
1; 10400.0; corect; 2,3,4,5,6,8,12,13,14,19,20,22,25,26,28,30,31,32,36,37,40,41,44,46,47,48,49,50,51,52,53,54,55,56,57,61,62,65,66,73,74,76,79,82,83,84,85,88,89,96,98,100
2; 15000.0; corect; 1,2,3,6,12,14,15,16,18,19,21,22,25,26,29,32,33,38,40,44,45,46,51,52,53,54,56,58,60,63,64,66,67,69,71,72,73,75,77,79,82,85,86,89,90,91,93,97,98,100

05-01-2021 20:19:22.415
0; 4600.0; corect; 2,7,8,9,10,15,18,19,21,22,23,24,25,26,32,33,34,38,40,42,43,47,48,53,58,62,63,66,68,70,73,74,75,78,79,80,81,83,84,90,91,93,94,95,96,100
1; 10400.0; corect; 2,3,4,5,6,8,12,13,14,19,20,22,25,26,28,30,31,32,36,37,40,41,44,46,47,48,49,50,51,52,53,54,55,56,57,61,62,65,66,73,74,76,79,82,83,84,85,88,89,96,98,100
2; 15300.0; corect; 1,2,3,6,12,14,15,16,18,19,21,22,25,26,29,32,33,38,40,44,45,46,48,51,52,53,54,56,58,60,63,64,66,67,69,71,72,73,75,77,79,82,85,86,89,90,91,93,97,98,100

05-01-2021 20:19:27.415
0; 5200.0; corect; 2,7,8,9,10,14,15,18,19,20,21,22,23,24,25,26,32,33,34,38,39,40,42,43,47,48,53,57,58,59,62,63,64,66,68,70,73,74,75,78,79,80,81,83,84,90,91,93,94,95,96,100
1; 10600.0; corect; 2,3,4,5,6,8,12,13,14,19,20,22,25,26,28,30,31,32,36,37,40,41,44,46,47,48,49,50,51,52,53,54,55,56,57,61,62,65,66,73,74,76,79,82,83,84,85,88,89,96,97,98,100
2; 15300.0; corect; 1,2,3,6,12,14,15,16,18,19,21,22,25,26,29,32,33,38,40,44,45,46,48,51,52,53,54,56,58,60,63,64,66,67,69,71,72,73,75,77,79,82,85,86,89,90,91,93,97,98,100

05-01-2021 20:19:32.415
0; 5200.0; corect; 2,7,8,9,10,14,15,18,19,20,21,22,23,24,25,26,32,33,34,38,39,40,42,43,47,48,53,57,58,59,62,63,64,66,68,70,73,74,75,78,79,80,81,83,84,90,91,93,94,95,96,100
1; 10600.0; corect; 2,3,4,5,6,8,12,13,14,19,20,22,25,26,28,30,31,32,36,37,40,41,44,46,47,48,49,50,51,52,53,54,55,56,57,61,62,65,66,73,74,76,79,82,83,84,85,88,89,96,97,98,100
2; 15900.0; corect; 1,2,3,6,11,12,14,15,16,18,19,21,22,25,26,29,32,33,38,40,44,45,46,48,51,52,53,54,56,58,60,63,64,66,67,69,71,72,73,75,77,79,81,82,85,86,89,90,91,93,97,98,100

05-01-2021 20:19:37.415
0; 5200.0; corect; 2,7,8,9,10,14,15,18,19,20,21,22,23,24,25,26,32,33,34,38,39,40,42,43,47,48,53,57,58,59,62,63,64,66,68,70,73,74,75,78,79,80,81,83,84,90,91,93,94,95,96,100
1; 10800.0; corect; 2,3,4,5,6,8,12,13,14,19,20,22,25,26,28,30,31,32,36,37,40,41,44,46,47,48,49,50,51,52,53,54,55,56,57,61,62,64,65,66,73,74,76,79,82,83,84,85,88,89,96,97,98,100
2; 16200.0; corect; 1,2,3,6,11,12,14,15,16,18,19,21,22,25,26,29,32,33,38,40,44,45,46,48,51,52,53,54,56,58,60,63,64,66,67,69,71,72,73,75,77,79,81,82,85,86,88,89,90,91,93,97,98,100

05-01-2021 20:19:42.416
0; 5200.0; corect; 2,7,8,9,10,14,15,18,19,20,21,22,23,24,25,26,32,33,34,38,39,40,42,43,47,48,53,57,58,59,62,63,64,66,68,70,73,74,75,78,79,80,81,83,84,90,91,93,94,95,96,100
1; 10800.0; corect; 2,3,4,5,6,8,12,13,14,19,20,22,25,26,28,30,31,32,36,37,40,41,44,46,47,48,49,50,51,52,53,54,55,56,57,61,62,64,65,66,73,74,76,79,82,83,84,85,88,89,96,97,98,100
2; 16200.0; corect; 1,2,3,6,11,12,14,15,16,18,19,21,22,25,26,29,32,33,38,40,44,45,46,48,51,52,53,54,56,58,60,63,64,66,67,69,71,72,73,75,77,79,81,82,85,86,88,89,90,91,93,97,98,100

05-01-2021 20:19:47.416
0; 5700.0; corect; 2,5,7,8,9,10,14,15,18,19,20,21,22,23,24,25,26,30,31,32,33,34,38,39,40,42,43,47,48,51,53,57,58,59,62,63,64,66,68,70,73,74,75,78,79,80,81,83,84,90,91,93,94,95,96,99,100
1; 10800.0; corect; 2,3,4,5,6,8,12,13,14,19,20,22,25,26,28,30,31,32,36,37,40,41,44,46,47,48,49,50,51,52,53,54,55,56,57,61,62,64,65,66,73,74,76,79,82,83,84,85,88,89,96,97,98,100
2; 16800.0; corect; 1,2,3,4,6,11,12,14,15,16,18,19,21,22,25,26,29,32,33,38,40,42,44,45,46,48,51,52,53,54,56,58,60,63,64,66,67,69,71,72,73,75,77,79,81,82,85,86,88,89,90,91,93,97,98,100

05-01-2021 20:19:52.415
0; 5700.0; corect; 2,5,7,8,9,10,14,15,18,19,20,21,22,23,24,25,26,30,31,32,33,34,38,39,40,42,43,47,48,51,53,57,58,59,62,63,64,66,68,70,73,74,75,78,79,80,81,83,84,90,91,93,94,95,96,99,100
1; 10800.0; corect; 2,3,4,5,6,8,12,13,14,19,20,22,25,26,28,30,31,32,36,37,40,41,44,46,47,48,49,50,51,52,53,54,55,56,57,61,62,64,65,66,73,74,76,79,82,83,84,85,88,89,96,97,98,100
2; 16800.0; corect; 1,2,3,4,6,11,12,14,15,16,18,19,21,22,25,26,29,32,33,38,40,42,44,45,46,48,51,52,53,54,56,58,60,63,64,66,67,69,71,72,73,75,77,79,81,82,85,86,88,89,90,91,93,97,98,100

05-01-2021 20:19:57.416
0; 5700.0; corect; 2,5,7,8,9,10,14,15,18,19,20,21,22,23,24,25,26,30,31,32,33,34,38,39,40,42,43,47,48,51,53,57,58,59,62,63,64,66,68,70,73,74,75,78,79,80,81,83,84,90,91,93,94,95,96,99,100
1; 11000.0; corect; 2,3,4,5,6,8,12,13,14,19,20,22,25,26,27,28,30,31,32,36,37,40,41,44,46,47,48,49,50,51,52,53,54,55,56,57,61,62,64,65,66,73,74,76,79,82,83,84,85,88,89,96,97,98,100
2; 17400.0; corect; 1,2,3,4,6,11,12,14,15,16,18,19,21,22,25,26,29,32,33,38,40,42,43,44,45,46,48,51,52,53,54,56,58,60,63,64,66,67,69,70,71,72,73,75,77,79,81,82,85,86,88,89,90,91,93,97,98,100

05-01-2021 20:20:02.416
0; 5900.0; corect; 2,5,7,8,9,10,14,15,18,19,20,21,22,23,24,25,26,29,30,31,32,33,34,38,39,40,42,43,47,48,51,53,56,57,58,59,62,63,64,66,68,70,73,74,75,78,79,80,81,83,84,90,91,93,94,95,96,99,100
1; 11000.0; corect; 2,3,4,5,6,8,12,13,14,19,20,22,25,26,27,28,30,31,32,36,37,40,41,44,46,47,48,49,50,51,52,53,54,55,56,57,61,62,64,65,66,73,74,76,79,82,83,84,85,88,89,96,97,98,100
2; 17400.0; corect; 1,2,3,4,6,11,12,14,15,16,18,19,21,22,25,26,29,32,33,38,40,42,43,44,45,46,48,51,52,53,54,56,58,60,63,64,66,67,69,70,71,72,73,75,77,79,81,82,85,86,88,89,90,91,93,97,98,100

05-01-2021 20:20:07.416
0; 5900.0; corect; 2,5,7,8,9,10,14,15,18,19,20,21,22,23,24,25,26,29,30,31,32,33,34,38,39,40,42,43,47,48,51,53,56,57,58,59,62,63,64,66,68,70,73,74,75,78,79,80,81,83,84,90,91,93,94,95,96,99,100
1; 11000.0; corect; 2,3,4,5,6,8,12,13,14,19,20,22,25,26,27,28,30,31,32,36,37,40,41,44,46,47,48,49,50,51,52,53,54,55,56,57,61,62,64,65,66,73,74,76,79,82,83,84,85,88,89,96,97,98,100
2; 17700.0; corect; 1,2,3,4,6,11,12,14,15,16,18,19,21,22,25,26,29,32,33,37,38,40,42,43,44,45,46,48,51,52,53,54,56,58,60,63,64,66,67,69,70,71,72,73,75,77,79,81,82,85,86,88,89,90,91,93,97,98,100

05-01-2021 20:20:12.415
0; 5900.0; corect; 2,5,7,8,9,10,14,15,18,19,20,21,22,23,24,25,26,29,30,31,32,33,34,38,39,40,42,43,47,48,51,53,56,57,58,59,62,63,64,66,68,70,73,74,75,78,79,80,81,83,84,90,91,93,94,95,96,99,100
1; 11200.0; corect; 2,3,4,5,6,8,12,13,14,19,20,22,25,26,27,28,30,31,32,36,37,40,41,44,46,47,48,49,50,51,52,53,54,55,56,57,61,62,64,65,66,69,73,74,76,79,82,83,84,85,88,89,96,97,98,100
2; 18300.0; corect; 1,2,3,4,6,11,12,14,15,16,18,19,21,22,25,26,29,32,33,37,38,40,42,43,44,45,46,48,49,51,52,53,54,56,58,60,63,64,66,67,69,70,71,72,73,74,75,77,79,81,82,85,86,88,89,90,91,93,97,98,100

05-01-2021 20:20:17.415
0; 5900.0; corect; 2,5,7,8,9,10,14,15,18,19,20,21,22,23,24,25,26,29,30,31,32,33,34,38,39,40,42,43,47,48,51,53,56,57,58,59,62,63,64,66,68,70,73,74,75,78,79,80,81,83,84,90,91,93,94,95,96,99,100
1; 11800.0; corect; 2,3,4,5,6,8,12,13,14,16,19,20,22,25,26,27,28,30,31,32,36,37,40,41,44,46,47,48,49,50,51,52,53,54,55,56,57,61,62,64,65,66,69,73,74,76,79,82,83,84,85,86,88,89,94,96,97,98,100
2; 18300.0; corect; 1,2,3,4,6,11,12,14,15,16,18,19,21,22,25,26,29,32,33,37,38,40,42,43,44,45,46,48,49,51,52,53,54,56,58,60,63,64,66,67,69,70,71,72,73,74,75,77,79,81,82,85,86,88,89,90,91,93,97,98,100

05-01-2021 20:20:22.415
0; 6000.0; corect; 2,5,7,8,9,10,14,15,18,19,20,21,22,23,24,25,26,29,30,31,32,33,34,38,39,40,42,43,47,48,51,53,56,57,58,59,62,63,64,66,68,70,73,74,75,78,79,80,81,83,84,90,91,92,93,94,95,96,99,100
1; 11800.0; corect; 2,3,4,5,6,8,12,13,14,16,19,20,22,25,26,27,28,30,31,32,36,37,40,41,44,46,47,48,49,50,51,52,53,54,55,56,57,61,62,64,65,66,69,73,74,76,79,82,83,84,85,86,88,89,94,96,97,98,100
2; 18900.0; corect; 1,2,3,4,6,10,11,12,14,15,16,18,19,21,22,25,26,29,32,33,37,38,40,42,43,44,45,46,48,49,51,52,53,54,56,58,60,63,64,66,67,69,70,71,72,73,74,75,77,79,81,82,85,86,88,89,90,91,93,96,97,98,100

05-01-2021 20:20:27.416
0; 6200.0; corect; 2,5,7,8,9,10,14,15,18,19,20,21,22,23,24,25,26,28,29,30,31,32,33,34,38,39,40,42,43,47,48,51,52,53,56,57,58,59,62,63,64,66,68,70,73,74,75,78,79,80,81,83,84,90,91,92,93,94,95,96,99,100
1; 12000.0; corect; 2,3,4,5,6,8,12,13,14,16,19,20,22,25,26,27,28,30,31,32,35,36,37,40,41,44,46,47,48,49,50,51,52,53,54,55,56,57,61,62,64,65,66,69,73,74,76,79,82,83,84,85,86,88,89,94,96,97,98,100
2; 19200.0; corect; 1,2,3,4,6,10,11,12,14,15,16,18,19,21,22,25,26,29,32,33,35,37,38,40,42,43,44,45,46,48,49,51,52,53,54,56,58,60,63,64,66,67,69,70,71,72,73,74,75,77,79,81,82,85,86,88,89,90,91,93,96,97,98,100

05-01-2021 20:20:32.417
0; 6200.0; corect; 2,5,7,8,9,10,14,15,18,19,20,21,22,23,24,25,26,28,29,30,31,32,33,34,38,39,40,42,43,47,48,51,52,53,56,57,58,59,62,63,64,66,68,70,73,74,75,78,79,80,81,83,84,90,91,92,93,94,95,96,99,100
1; 13200.0; corect; 2,3,4,5,6,8,12,13,14,15,16,19,20,22,25,26,27,28,30,31,32,33,34,35,36,37,40,41,44,46,47,48,49,50,51,52,53,54,55,56,57,61,62,64,65,66,69,72,73,74,76,79,80,82,83,84,85,86,88,89,91,94,96,97,98,100
2; 19200.0; corect; 1,2,3,4,6,10,11,12,14,15,16,18,19,21,22,25,26,29,32,33,35,37,38,40,42,43,44,45,46,48,49,51,52,53,54,56,58,60,63,64,66,67,69,70,71,72,73,74,75,77,79,81,82,85,86,88,89,90,91,93,96,97,98,100

05-01-2021 20:20:37.416
0; 6200.0; corect; 2,5,7,8,9,10,14,15,18,19,20,21,22,23,24,25,26,28,29,30,31,32,33,34,38,39,40,42,43,47,48,51,52,53,56,57,58,59,62,63,64,66,68,70,73,74,75,78,79,80,81,83,84,90,91,92,93,94,95,96,99,100
1; 13200.0; corect; 2,3,4,5,6,8,12,13,14,15,16,19,20,22,25,26,27,28,30,31,32,33,34,35,36,37,40,41,44,46,47,48,49,50,51,52,53,54,55,56,57,61,62,64,65,66,69,72,73,74,76,79,80,82,83,84,85,86,88,89,91,94,96,97,98,100
2; 19500.0; corect; 1,2,3,4,6,10,11,12,14,15,16,18,19,21,22,25,26,29,32,33,35,37,38,40,42,43,44,45,46,48,49,51,52,53,54,55,56,58,60,63,64,66,67,69,70,71,72,73,74,75,77,79,81,82,85,86,88,89,90,91,93,96,97,98,100



Vanzari esuate:
1; 05-01-2021 20:18:39.420; 4
51,99,47,37
800.0
2; 05-01-2021 20:18:39.420; 8
82,90,85,16,43,75,49,46
2400.0
1; 05-01-2021 20:18:39.420; 5
23,10,59,61,55
1000.0
2; 05-01-2021 20:18:39.420; 10
96,7,80,35,27,10,72,75,60,18
3000.0
2; 05-01-2021 20:18:41.418; 9
82,39,9,38,57,36,94,100,19
2700.0
1; 05-01-2021 20:18:41.418; 4
53,69,37,82
800.0
2; 05-01-2021 20:18:41.418; 10
44,74,38,40,42,56,87,83,35,45
3000.0
1; 05-01-2021 20:18:41.420; 4
49,53,35,10
800.0
1; 05-01-2021 20:18:43.418; 9
77,97,55,40,15,12,29,89,1
1800.0
0; 05-01-2021 20:18:43.418; 1
53
100.0
1; 05-01-2021 20:18:43.418; 7
43,54,53,50,88,90,77
1400.0
0; 05-01-2021 20:18:43.418; 6
55,28,71,58,15,13
600.0
2; 05-01-2021 20:18:43.418; 7
89,85,70,31,41,40,48
2100.0
0; 05-01-2021 20:18:43.418; 4
28,92,41,33
400.0
0; 05-01-2021 20:18:45.417; 4
83,76,47,58
400.0
2; 05-01-2021 20:18:45.417; 7
79,42,72,18,81,74,55
2100.0
0; 05-01-2021 20:18:45.417; 4
93,74,56,89
400.0
0; 05-01-2021 20:18:45.417; 10
33,9,68,100,75,7,60,94,77,93
1000.0
0; 05-01-2021 20:18:45.418; 4
53,66,94,77
400.0
1; 05-01-2021 20:18:45.418; 6
25,36,20,13,30,85
1200.0
1; 05-01-2021 20:18:45.418; 4
24,57,46,14
800.0
0; 05-01-2021 20:18:45.418; 7
92,58,15,89,91,12,83
700.0
1; 05-01-2021 20:18:45.418; 3
55,97,44
600.0
1; 05-01-2021 20:18:47.416; 10
42,18,72,30,15,71,61,1,25,58
2000.0
0; 05-01-2021 20:18:47.416; 10
52,94,51,63,35,61,3,55,43,66
1000.0
2; 05-01-2021 20:18:47.419; 7
20,60,18,90,41,22,11
2100.0
2; 05-01-2021 20:18:47.419; 5
63,43,12,47,66
1500.0
2; 05-01-2021 20:18:47.419; 6
48,78,33,38,19,100
1800.0
2; 05-01-2021 20:18:47.419; 7
54,95,24,10,57,21,51
2100.0
2; 05-01-2021 20:18:49.418; 4
85,60,89,96
1200.0
0; 05-01-2021 20:18:49.418; 9
90,53,42,40,11,57,51,68,15
900.0
0; 05-01-2021 20:18:49.418; 8
36,13,77,33,11,14,22,49
800.0
0; 05-01-2021 20:18:49.418; 3
92,84,80
300.0
2; 05-01-2021 20:18:49.418; 9
29,34,40,8,55,36,66,80,11
2700.0
0; 05-01-2021 20:18:49.418; 8
77,69,2,34,28,100,37,49
800.0
0; 05-01-2021 20:18:49.418; 6
68,29,1,56,73,99
600.0
1; 05-01-2021 20:18:49.420; 10
32,63,54,11,39,2,52,60,100,73
2000.0
1; 05-01-2021 20:18:49.424; 5
81,84,48,29,39
1000.0
2; 05-01-2021 20:18:51.417; 6
32,53,44,21,66,96
1800.0
1; 05-01-2021 20:18:51.417; 9
24,81,50,44,19,1,72,92,56
1800.0
1; 05-01-2021 20:18:51.417; 6
97,28,49,90,99,66
1200.0
1; 05-01-2021 20:18:51.418; 2
31,89
400.0
1; 05-01-2021 20:18:51.418; 4
59,85,30,2
800.0
1; 05-01-2021 20:18:51.419; 10
15,16,70,85,93,37,12,80,77,24
2000.0
2; 05-01-2021 20:18:51.419; 4
95,63,37,2
1200.0
0; 05-01-2021 20:18:53.417; 10
11,100,69,47,23,89,75,94,7,99
1000.0
2; 05-01-2021 20:18:53.417; 7
4,39,69,12,52,100,89
2100.0
1; 05-01-2021 20:18:53.417; 5
18,37,85,61,56
1000.0
2; 05-01-2021 20:18:53.417; 9
25,41,65,8,92,48,70,95,32
2700.0
0; 05-01-2021 20:18:53.417; 4
37,48,29,93
400.0
2; 05-01-2021 20:18:53.419; 1
54
300.0
2; 05-01-2021 20:18:53.419; 7
23,57,38,22,17,13,78
2100.0
2; 05-01-2021 20:18:53.419; 2
31,82
600.0
1; 05-01-2021 20:18:53.419; 5
96,7,67,94,62
1000.0
2; 05-01-2021 20:18:55.418; 4
6,47,4,7
1200.0
2; 05-01-2021 20:18:55.418; 7
38,70,83,93,62,7,58
2100.0
1; 05-01-2021 20:18:55.418; 4
50,79,78,53
800.0
0; 05-01-2021 20:18:55.418; 9
79,76,99,67,87,65,14,3,22
900.0
2; 05-01-2021 20:18:55.418; 6
23,99,35,8,73,44
1800.0
1; 05-01-2021 20:18:55.418; 5
95,68,63,21,3
1000.0
2; 05-01-2021 20:18:55.418; 3
79,90,12
900.0
2; 05-01-2021 20:18:55.419; 9
9,38,89,71,31,41,83,60,49
2700.0
2; 05-01-2021 20:18:57.417; 3
3,92,84
900.0
0; 05-01-2021 20:18:57.417; 9
1,88,47,37,28,31,64,46,29
900.0
0; 05-01-2021 20:18:57.417; 10
21,50,80,99,20,40,71,65,54,13
1000.0
1; 05-01-2021 20:18:57.417; 4
50,56,59,53
800.0
0; 05-01-2021 20:18:57.418; 7
41,47,100,79,5,43,84
700.0
2; 05-01-2021 20:18:57.419; 2
69,7
600.0
2; 05-01-2021 20:18:57.419; 6
82,92,38,31,26,21
1800.0
2; 05-01-2021 20:18:59.417; 9
63,47,43,56,86,73,84,67,18
2700.0
0; 05-01-2021 20:18:59.417; 4
68,81,67,35
400.0
1; 05-01-2021 20:18:59.417; 6
76,45,37,17,71,26
1200.0
1; 05-01-2021 20:18:59.417; 3
60,75,8
600.0
2; 05-01-2021 20:18:59.419; 9
8,21,80,55,46,23,11,13,27
2700.0
1; 05-01-2021 20:18:59.419; 3
55,56,12
600.0
2; 05-01-2021 20:18:59.419; 2
17,21
600.0
0; 05-01-2021 20:18:59.419; 10
92,12,32,99,6,44,18,37,54,94
1000.0
0; 05-01-2021 20:18:59.419; 7
84,68,14,35,79,29,81
700.0
2; 05-01-2021 20:18:59.419; 10
2,93,23,66,25,33,97,72,100,7
3000.0
0; 05-01-2021 20:19:01.417; 10
68,99,75,30,61,32,38,97,77,63
1000.0
2; 05-01-2021 20:19:01.417; 10
85,28,71,44,45,59,94,40,27,91
3000.0
0; 05-01-2021 20:19:01.417; 5
6,82,4,34,60
500.0
0; 05-01-2021 20:19:01.419; 5
73,72,95,61,44
500.0
1; 05-01-2021 20:19:01.419; 5
95,36,89,65,5
1000.0
1; 05-01-2021 20:19:01.419; 9
31,91,20,98,70,67,39,93,37
1800.0
0; 05-01-2021 20:19:01.419; 4
65,5,50,95
400.0
2; 05-01-2021 20:19:01.419; 6
32,42,84,69,12,67
1800.0
1; 05-01-2021 20:19:03.418; 4
35,46,88,3
800.0
2; 05-01-2021 20:19:03.418; 7
60,72,76,20,30,98,78
2100.0
2; 05-01-2021 20:19:03.418; 6
36,61,47,22,94,73
1800.0
1; 05-01-2021 20:19:03.418; 7
54,99,2,47,4,14,88
1400.0
1; 05-01-2021 20:19:03.418; 5
15,34,19,10,23
1000.0
0; 05-01-2021 20:19:03.418; 10
81,88,97,86,78,51,38,27,54,26
1000.0
2; 05-01-2021 20:19:03.418; 2
85,74
600.0
0; 05-01-2021 20:19:03.418; 8
42,56,57,89,64,71,97,54
800.0
2; 05-01-2021 20:19:05.418; 10
77,92,9,33,21,50,25,45,55,17
3000.0
1; 05-01-2021 20:19:05.418; 10
33,90,20,97,53,45,49,81,34,12
2000.0
2; 05-01-2021 20:19:05.418; 4
85,29,62,46
1200.0
0; 05-01-2021 20:19:05.418; 7
51,11,17,26,75,88,38
700.0
2; 05-01-2021 20:19:05.418; 6
2,45,25,77,71,79
1800.0
0; 05-01-2021 20:19:05.418; 3
81,31,16
300.0
0; 05-01-2021 20:19:05.420; 8
98,28,10,92,38,58,62,90
800.0
0; 05-01-2021 20:19:05.420; 8
35,97,1,7,85,86,64,99
800.0
2; 05-01-2021 20:19:05.420; 8
51,72,23,1,75,91,39,16
2400.0
2; 05-01-2021 20:19:05.420; 5
92,70,25,20,61
1500.0
0; 05-01-2021 20:19:07.416; 9
74,90,88,86,97,93,44,87,27
900.0
2; 05-01-2021 20:19:07.416; 3
87,75,77
900.0
0; 05-01-2021 20:19:07.416; 4
65,9,72,81
400.0
2; 05-01-2021 20:19:07.416; 8
32,40,78,88,29,84,66,19
2400.0
2; 05-01-2021 20:19:07.418; 10
4,72,27,80,93,47,95,60,33,44
3000.0
2; 05-01-2021 20:19:07.418; 7
46,11,23,5,84,86,33
2100.0
0; 05-01-2021 20:19:07.418; 3
89,32,59
300.0
2; 05-01-2021 20:19:07.418; 10
25,1,76,71,50,72,20,56,83,52
3000.0
2; 05-01-2021 20:19:07.418; 6
23,2,25,28,46,16
1800.0
2; 05-01-2021 20:19:09.417; 2
1,92
600.0
1; 05-01-2021 20:19:09.417; 2
2,83
400.0
2; 05-01-2021 20:19:09.417; 5
1,9,34,8,41
1500.0
1; 05-01-2021 20:19:09.417; 9
26,18,74,56,31,71,17,2,16
1800.0
0; 05-01-2021 20:19:09.418; 4
46,54,45,23
400.0
2; 05-01-2021 20:19:09.418; 8
23,16,11,19,95,61,82,86
2400.0
2; 05-01-2021 20:19:09.418; 3
74,31,3
900.0
1; 05-01-2021 20:19:09.418; 8
100,19,64,14,44,8,70,35
1600.0
2; 05-01-2021 20:19:09.418; 1
56
300.0
1; 05-01-2021 20:19:09.418; 10
20,40,45,100,61,99,60,11,90,39
2000.0
0; 05-01-2021 20:19:11.417; 10
75,18,33,80,42,96,54,52,8,1
1000.0
1; 05-01-2021 20:19:11.417; 6
42,55,7,27,91,37
1200.0
1; 05-01-2021 20:19:11.417; 9
27,53,58,59,79,13,85,36,37
1800.0
0; 05-01-2021 20:19:11.418; 5
24,91,1,75,31
500.0
2; 05-01-2021 20:19:11.418; 5
100,58,63,7,40
1500.0
0; 05-01-2021 20:19:11.418; 9
92,64,6,3,5,98,79,11,78
900.0
1; 05-01-2021 20:19:13.417; 4
51,33,69,78
800.0
0; 05-01-2021 20:19:13.417; 10
56,64,30,33,37,63,66,83,59,68
1000.0
2; 05-01-2021 20:19:13.417; 10
55,97,36,34,80,31,18,40,69,3
3000.0
1; 05-01-2021 20:19:13.419; 2
19,3
400.0
2; 05-01-2021 20:19:13.419; 6
86,95,65,17,62,48
1800.0
1; 05-01-2021 20:19:13.419; 5
72,60,24,61,28
1000.0
2; 05-01-2021 20:19:13.419; 8
84,6,10,45,98,86,70,64
2400.0
0; 05-01-2021 20:19:13.419; 6
19,7,5,95,75,63
600.0
0; 05-01-2021 20:19:13.419; 5
1,69,62,9,6
500.0
0; 05-01-2021 20:19:15.417; 6
86,33,60,66,43,94
600.0
0; 05-01-2021 20:19:15.417; 10
42,91,67,62,66,60,51,58,63,33
1000.0
2; 05-01-2021 20:19:15.417; 6
4,7,12,32,76,37
1800.0
1; 05-01-2021 20:19:15.417; 10
62,78,85,91,36,51,43,17,99,10
2000.0
0; 05-01-2021 20:19:15.417; 10
15,52,29,49,46,57,54,5,85,64
1000.0
2; 05-01-2021 20:19:15.419; 2
82,24
600.0
0; 05-01-2021 20:19:15.419; 8
36,12,15,73,46,41,84,71
800.0
0; 05-01-2021 20:19:15.419; 5
29,19,88,81,69
500.0
2; 05-01-2021 20:19:15.419; 5
91,96,78,24,64
1500.0
0; 05-01-2021 20:19:17.417; 5
46,99,57,25,10
500.0
2; 05-01-2021 20:19:17.417; 9
27,36,93,37,58,6,61,77,92
2700.0
1; 05-01-2021 20:19:17.417; 1
47
200.0
0; 05-01-2021 20:19:17.417; 7
6,74,28,35,63,11,67
700.0
1; 05-01-2021 20:19:17.418; 3
61,60,97
600.0
1; 05-01-2021 20:19:17.418; 3
60,28,82
600.0
2; 05-01-2021 20:19:17.418; 3
71,26,60
900.0
0; 05-01-2021 20:19:17.419; 9
18,1,65,33,71,14,19,93,8
900.0
0; 05-01-2021 20:19:17.419; 9
92,51,58,47,22,49,94,93,66
900.0
2; 05-01-2021 20:19:19.417; 9
24,16,88,15,5,19,58,2,68
2700.0
1; 05-01-2021 20:19:19.417; 8
28,7,40,68,10,48,94,61
1600.0
0; 05-01-2021 20:19:19.417; 5
56,58,92,100,18
500.0
2; 05-01-2021 20:19:19.417; 7
12,76,27,68,42,51,19
2100.0
1; 05-01-2021 20:19:19.418; 6
8,63,32,72,39,24
1200.0
2; 05-01-2021 20:19:19.418; 8
9,36,49,54,24,64,5,65
2400.0
1; 05-01-2021 20:19:19.418; 4
57,80,65,79
800.0
2; 05-01-2021 20:19:19.418; 8
39,41,73,100,94,20,70,10
2400.0
0; 05-01-2021 20:19:19.419; 4
52,69,80,6
400.0
0; 05-01-2021 20:19:19.419; 5
79,91,63,76,78
500.0
0; 05-01-2021 20:19:21.417; 6
17,53,69,25,49,75
600.0
2; 05-01-2021 20:19:21.417; 4
29,17,79,13
1200.0
2; 05-01-2021 20:19:21.417; 9
21,79,52,66,10,12,80,83,33
2700.0
0; 05-01-2021 20:19:21.417; 4
32,26,8,78
400.0
0; 05-01-2021 20:19:21.417; 9
22,64,93,60,9,43,77,33,39
900.0
2; 05-01-2021 20:19:21.417; 6
63,38,7,65,48,76
1800.0
0; 05-01-2021 20:19:21.419; 1
94
100.0
0; 05-01-2021 20:19:21.419; 9
4,45,10,18,80,59,91,26,52
900.0
0; 05-01-2021 20:19:21.419; 3
74,68,50
300.0
1; 05-01-2021 20:19:21.419; 2
89,68
400.0
1; 05-01-2021 20:19:23.417; 6
42,58,39,8,64,6
1200.0
0; 05-01-2021 20:19:23.417; 6
73,97,87,89,69,7
600.0
1; 05-01-2021 20:19:23.417; 5
80,16,31,22,71
1000.0
2; 05-01-2021 20:19:23.417; 8
31,94,93,41,96,19,4,5
2400.0
1; 05-01-2021 20:19:23.417; 5
65,40,55,31,1
1000.0
2; 05-01-2021 20:19:23.417; 9
82,63,9,40,54,55,38,92,34
2700.0
2; 05-01-2021 20:19:23.419; 3
31,2,81
900.0
0; 05-01-2021 20:19:23.419; 2
59,84
200.0
2; 05-01-2021 20:19:23.419; 10
60,35,57,18,97,66,1,74,88,5
3000.0
2; 05-01-2021 20:19:23.419; 9
2,80,96,44,68,55,84,32,72
2700.0
2; 05-01-2021 20:19:25.418; 2
38,49
600.0
0; 05-01-2021 20:19:25.418; 2
63,82
200.0
2; 05-01-2021 20:19:25.418; 2
70,29
600.0
2; 05-01-2021 20:19:25.418; 2
52,78
600.0
2; 05-01-2021 20:19:25.418; 9
51,37,26,31,55,13,89,91,14
2700.0
0; 05-01-2021 20:19:25.418; 8
13,83,65,53,58,59,4,21
800.0
0; 05-01-2021 20:19:25.418; 8
7,60,82,50,62,3,12,64
800.0
0; 05-01-2021 20:19:25.418; 10
50,10,22,12,17,66,68,73,80,45
1000.0
2; 05-01-2021 20:19:27.417; 3
10,19,55
900.0
2; 05-01-2021 20:19:27.417; 6
33,85,95,2,64,45
1800.0
1; 05-01-2021 20:19:27.417; 7
82,5,36,52,10,30,53
1400.0
2; 05-01-2021 20:19:27.417; 4
68,74,62,51
1200.0
2; 05-01-2021 20:19:27.419; 6
17,54,14,30,85,31
1800.0
0; 05-01-2021 20:19:27.419; 4
45,41,7,36
400.0
1; 05-01-2021 20:19:27.419; 10
94,78,86,87,85,81,23,26,50,15
2000.0
1; 05-01-2021 20:19:27.419; 1
51
200.0
2; 05-01-2021 20:19:27.419; 9
95,44,84,20,8,72,5,22,23
2700.0
2; 05-01-2021 20:19:27.419; 8
79,38,74,1,64,21,49,91
2400.0
2; 05-01-2021 20:19:29.417; 9
20,41,48,58,55,53,6,34,47
2700.0
2; 05-01-2021 20:19:29.417; 5
64,47,2,27,19
1500.0
0; 05-01-2021 20:19:29.417; 3
51,22,60
300.0
2; 05-01-2021 20:19:29.417; 4
13,54,75,27
1200.0
0; 05-01-2021 20:19:29.419; 6
66,9,14,79,65,60
600.0
2; 05-01-2021 20:19:29.419; 2
66,5
600.0
1; 05-01-2021 20:19:29.419; 7
8,34,49,32,6,21,57
1400.0
0; 05-01-2021 20:19:29.419; 10
87,73,88,43,77,2,6,61,95,45
1000.0
1; 05-01-2021 20:19:29.419; 10
79,48,32,61,33,38,98,69,25,85
2000.0
2; 05-01-2021 20:19:31.417; 8
5,82,89,63,88,53,66,11
2400.0
1; 05-01-2021 20:19:31.417; 1
32
200.0
0; 05-01-2021 20:19:31.417; 4
71,84,11,96
400.0
0; 05-01-2021 20:19:31.417; 7
54,9,51,33,67,55,5
700.0
2; 05-01-2021 20:19:31.419; 8
47,68,58,13,100,84,49,51
2400.0
1; 05-01-2021 20:19:31.419; 7
93,100,74,91,1,83,8
1400.0
2; 05-01-2021 20:19:31.419; 7
79,71,29,81,51,31,78
2100.0
2; 05-01-2021 20:19:31.419; 2
46,78
600.0
2; 05-01-2021 20:19:31.419; 6
19,74,52,3,88,89
1800.0
2; 05-01-2021 20:19:33.417; 3
93,73,47
900.0
1; 05-01-2021 20:19:33.417; 7
1,11,6,96,95,92,39
1400.0
0; 05-01-2021 20:19:33.417; 4
61,3,95,52
400.0
1; 05-01-2021 20:19:33.417; 8
21,40,80,22,54,23,76,77
1600.0
2; 05-01-2021 20:19:33.419; 7
16,9,66,26,73,80,96
2100.0
1; 05-01-2021 20:19:33.419; 9
9,86,18,62,78,81,93,40,42
1800.0
1; 05-01-2021 20:19:33.419; 2
82,5
400.0
1; 05-01-2021 20:19:33.419; 9
30,4,40,96,9,5,22,41,72
1800.0
0; 05-01-2021 20:19:33.419; 9
83,92,37,67,42,80,74,57,28
900.0
1; 05-01-2021 20:19:33.419; 7
70,29,22,77,80,72,46
1400.0
1; 05-01-2021 20:19:35.417; 7
66,55,70,63,68,36,41
1400.0
0; 05-01-2021 20:19:35.417; 1
63
100.0
0; 05-01-2021 20:19:35.417; 10
77,36,19,99,74,72,66,7,39,85
1000.0
1; 05-01-2021 20:19:35.419; 10
59,87,52,90,37,75,2,9,98,53
2000.0
1; 05-01-2021 20:19:35.419; 7
69,33,28,59,65,84,95
1400.0
0; 05-01-2021 20:19:35.419; 8
71,44,92,78,37,93,23,77
800.0
0; 05-01-2021 20:19:35.419; 4
47,66,20,78
400.0
1; 05-01-2021 20:19:35.419; 6
84,57,88,76,61,26
1200.0
2; 05-01-2021 20:19:37.417; 10
40,50,34,90,5,44,11,45,59,55
3000.0
0; 05-01-2021 20:19:37.417; 9
93,26,45,9,38,48,14,13,12
900.0
1; 05-01-2021 20:19:37.417; 3
44,8,2
600.0
1; 05-01-2021 20:19:37.417; 10
45,91,67,73,50,69,36,4,2,74
2000.0
0; 05-01-2021 20:19:37.418; 2
46,38
200.0
2; 05-01-2021 20:19:37.418; 9
100,74,83,27,19,47,18,36,26
2700.0
2; 05-01-2021 20:19:37.418; 3
24,79,85
900.0
1; 05-01-2021 20:19:37.418; 8
47,44,38,8,83,97,10,23
1600.0
2; 05-01-2021 20:19:37.418; 7
20,22,54,76,56,49,82
2100.0
2; 05-01-2021 20:19:37.418; 9
13,66,28,58,94,16,65,23,2
2700.0
1; 05-01-2021 20:19:39.417; 7
56,95,41,42,14,33,8
1400.0
2; 05-01-2021 20:19:39.417; 4
54,25,22,82
1200.0
0; 05-01-2021 20:19:39.417; 2
2,52
200.0
2; 05-01-2021 20:19:39.417; 4
95,76,69,55
1200.0
0; 05-01-2021 20:19:39.418; 4
12,57,18,14
400.0
0; 05-01-2021 20:19:39.418; 4
77,44,70,10
400.0
0; 05-01-2021 20:19:39.418; 2
74,77
200.0
2; 05-01-2021 20:19:39.419; 9
8,69,50,19,51,31,71,54,70
2700.0
1; 05-01-2021 20:19:39.419; 6
52,90,51,21,28,64
1200.0
0; 05-01-2021 20:19:39.419; 9
23,2,67,42,33,85,63,93,74
900.0
2; 05-01-2021 20:19:41.417; 10
78,7,98,84,48,8,75,2,6,10
3000.0
0; 05-01-2021 20:19:41.417; 2
56,8
200.0
2; 05-01-2021 20:19:41.417; 9
67,93,41,65,82,48,72,66,55
2700.0
0; 05-01-2021 20:19:41.417; 10
12,10,85,59,1,4,2,88,67,53
1000.0
0; 05-01-2021 20:19:41.419; 6
80,70,68,75,11,96
600.0
1; 05-01-2021 20:19:41.419; 6
65,15,73,71,2,60
1200.0
2; 05-01-2021 20:19:41.419; 3
47,63,24
900.0
1; 05-01-2021 20:19:41.419; 10
9,91,62,28,16,5,36,74,17,35
2000.0
0; 05-01-2021 20:19:41.419; 7
94,96,66,37,83,10,53
700.0
0; 05-01-2021 20:19:41.419; 7
33,36,27,11,23,12,51
700.0
0; 05-01-2021 20:19:43.417; 4
48,99,37,32
400.0
1; 05-01-2021 20:19:43.417; 10
66,53,28,43,50,35,48,92,13,54
2000.0
1; 05-01-2021 20:19:43.417; 7
26,88,20,49,34,37,6
1400.0
2; 05-01-2021 20:19:43.419; 2
83,16
600.0
0; 05-01-2021 20:19:43.419; 9
6,45,87,41,9,76,99,84,36
900.0
2; 05-01-2021 20:19:43.419; 10
85,40,47,1,41,54,19,46,96,57
3000.0
1; 05-01-2021 20:19:45.417; 5
25,29,11,80,97
1000.0
0; 05-01-2021 20:19:45.417; 8
32,65,55,43,26,78,54,21
800.0
2; 05-01-2021 20:19:45.417; 2
94,3
600.0
0; 05-01-2021 20:19:45.417; 1
90
100.0
1; 05-01-2021 20:19:45.417; 3
77,13,52
600.0
2; 05-01-2021 20:19:45.418; 9
48,59,25,77,68,87,11,12,29
2700.0
0; 05-01-2021 20:19:45.418; 10
61,16,48,64,18,67,30,93,84,78
1000.0
0; 05-01-2021 20:19:45.419; 1
7
100.0
2; 05-01-2021 20:19:45.419; 6
32,65,70,78,31,97
1800.0
2; 05-01-2021 20:19:47.416; 4
19,52,13,18
1200.0
1; 05-01-2021 20:19:47.416; 4
50,18,100,49
800.0
1; 05-01-2021 20:19:47.416; 8
2,47,44,7,6,73,11,76
1600.0
2; 05-01-2021 20:19:47.417; 8
94,19,37,54,1,53,76,43
2400.0
2; 05-01-2021 20:19:47.418; 8
55,41,51,95,42,79,37,93
2400.0
2; 05-01-2021 20:19:47.418; 10
38,1,29,86,46,44,25,21,84,42
3000.0
1; 05-01-2021 20:19:47.418; 10
27,13,78,63,8,97,12,51,44,35
2000.0
2; 05-01-2021 20:19:47.418; 5
70,9,18,29,89
1500.0
0; 05-01-2021 20:19:47.420; 3
2,89,82
300.0
2; 05-01-2021 20:19:47.420; 6
69,43,70,85,30,39
1800.0
1; 05-01-2021 20:19:49.417; 4
26,60,90,15
800.0
0; 05-01-2021 20:19:49.417; 7
24,60,56,98,57,83,48
700.0
1; 05-01-2021 20:19:49.417; 6
98,70,38,60,30,14
1200.0
0; 05-01-2021 20:19:49.417; 2
53,17
200.0
2; 05-01-2021 20:19:49.417; 6
63,95,93,30,44,66
1800.0
0; 05-01-2021 20:19:49.419; 7
44,91,24,38,37,39,62
700.0
2; 05-01-2021 20:19:49.419; 2
14,50
600.0
2; 05-01-2021 20:19:49.419; 9
28,40,35,93,81,95,2,34,91
2700.0
0; 05-01-2021 20:19:49.419; 10
93,48,50,100,30,71,3,84,10,40
1000.0
1; 05-01-2021 20:19:49.419; 10
23,27,83,77,85,95,35,84,15,74
2000.0
0; 05-01-2021 20:19:51.417; 3
70,54,15
300.0
2; 05-01-2021 20:19:51.417; 4
28,71,65,50
1200.0
1; 05-01-2021 20:19:51.417; 3
67,69,73
600.0
1; 05-01-2021 20:19:51.417; 2
36,2
400.0
2; 05-01-2021 20:19:51.419; 9
72,83,85,7,17,74,75,49,47
2700.0
1; 05-01-2021 20:19:51.419; 3
80,74,78
600.0
0; 05-01-2021 20:19:51.419; 4
35,93,74,81
400.0
1; 05-01-2021 20:19:51.419; 2
84,49
400.0
1; 05-01-2021 20:19:51.419; 6
84,33,7,26,17,43
1200.0
2; 05-01-2021 20:19:51.419; 8
14,8,73,31,38,9,25,95
2400.0
1; 05-01-2021 20:19:53.417; 2
47,73
400.0
2; 05-01-2021 20:19:53.417; 6
57,38,84,69,71,60
1800.0
1; 05-01-2021 20:19:53.417; 5
81,79,55,51,58
1000.0
0; 05-01-2021 20:19:53.417; 10
91,14,89,67,1,17,76,66,44,4
1000.0
2; 05-01-2021 20:19:53.417; 4
84,43,2,88
1200.0
0; 05-01-2021 20:19:53.419; 6
77,12,59,98,97,61
600.0
2; 05-01-2021 20:19:53.419; 4
72,53,62,41
1200.0
0; 05-01-2021 20:19:53.419; 7
21,90,65,5,49,20,59
700.0
1; 05-01-2021 20:19:53.419; 6
48,10,100,76,27,87
1200.0
2; 05-01-2021 20:19:55.418; 8
15,79,23,37,70,34,41,31
2400.0
1; 05-01-2021 20:19:55.418; 7
82,88,9,96,52,76,73
1400.0
0; 05-01-2021 20:19:55.418; 2
1,39
200.0
0; 05-01-2021 20:19:55.418; 10
78,100,74,18,54,53,66,8,15,75
1000.0
0; 05-01-2021 20:19:55.418; 7
89,64,82,74,32,94,91
700.0
2; 05-01-2021 20:19:55.418; 4
47,15,43,82
1200.0
0; 05-01-2021 20:19:55.418; 3
19,48,85
300.0
0; 05-01-2021 20:19:55.418; 9
56,65,93,74,41,16,30,60,38
900.0
0; 05-01-2021 20:19:55.418; 8
22,19,63,77,78,46,10,41
800.0
2; 05-01-2021 20:19:57.418; 6
88,1,43,54,77,58
1800.0
2; 05-01-2021 20:19:57.418; 6
87,35,76,28,4,90
1800.0
1; 05-01-2021 20:19:57.418; 3
37,93,65
600.0
0; 05-01-2021 20:19:57.418; 7
58,53,40,45,16,100,55
700.0
1; 05-01-2021 20:19:57.418; 5
88,25,58,76,62
1000.0
1; 05-01-2021 20:19:57.418; 10
79,16,28,31,69,41,86,23,60,83
2000.0
1; 05-01-2021 20:19:57.419; 2
56,21
400.0
2; 05-01-2021 20:19:57.419; 10
31,38,67,87,62,76,21,48,86,16
3000.0
2; 05-01-2021 20:19:57.419; 4
92,25,53,58
1200.0
0; 05-01-2021 20:19:57.419; 9
73,46,60,87,16,4,86,98,85
900.0
0; 05-01-2021 20:19:59.418; 7
8,36,39,44,73,89,76
700.0
2; 05-01-2021 20:19:59.418; 7
60,22,24,8,82,63,25
2100.0
0; 05-01-2021 20:19:59.418; 5
87,43,6,98,16
500.0
2; 05-01-2021 20:19:59.418; 3
96,51,9
900.0
0; 05-01-2021 20:19:59.418; 10
53,96,93,60,24,32,23,27,75,86
1000.0
1; 05-01-2021 20:19:59.418; 10
12,99,32,64,43,88,27,40,75,31
2000.0
1; 05-01-2021 20:19:59.418; 2
95,74
400.0
2; 05-01-2021 20:19:59.418; 10
63,42,25,99,36,6,7,71,95,53
3000.0
1; 05-01-2021 20:19:59.418; 7
49,30,59,4,51,44,38
1400.0
2; 05-01-2021 20:19:59.418; 1
26
300.0
2; 05-01-2021 20:20:01.417; 8
38,29,86,71,44,100,36,48
2400.0
0; 05-01-2021 20:20:01.417; 1
8
100.0
0; 05-01-2021 20:20:01.417; 8
45,88,8,60,4,74,1,100
800.0
1; 05-01-2021 20:20:01.417; 5
64,48,81,94,80
1000.0
2; 05-01-2021 20:20:01.419; 5
69,29,75,77,22
1500.0
0; 05-01-2021 20:20:01.419; 7
91,62,94,67,28,8,54
700.0
1; 05-01-2021 20:20:01.419; 9
72,39,3,23,61,97,48,52,65
1800.0
1; 05-01-2021 20:20:01.419; 8
17,54,74,53,84,11,14,4
1600.0
1; 05-01-2021 20:20:03.417; 10
15,2,88,25,20,100,32,78,63,59
2000.0
0; 05-01-2021 20:20:03.417; 4
73,28,7,2
400.0
1; 05-01-2021 20:20:03.417; 7
74,96,98,17,44,82,32
1400.0
0; 05-01-2021 20:20:03.417; 2
100,44
200.0
0; 05-01-2021 20:20:03.419; 10
59,82,43,16,65,80,93,94,72,77
1000.0
0; 05-01-2021 20:20:03.419; 6
19,16,74,20,72,87
600.0
0; 05-01-2021 20:20:03.419; 10
58,23,21,47,100,50,1,39,53,51
1000.0
2; 05-01-2021 20:20:03.419; 1
67
300.0
0; 05-01-2021 20:20:03.419; 1
81
100.0
1; 05-01-2021 20:20:03.419; 4
15,43,80,44
800.0
1; 05-01-2021 20:20:05.416; 8
53,83,90,8,19,82,55,35
1600.0
0; 05-01-2021 20:20:05.417; 6
45,26,53,4,48,15
600.0
0; 05-01-2021 20:20:05.417; 1
53
100.0
1; 05-01-2021 20:20:05.417; 7
80,11,30,67,19,94,24
1400.0
0; 05-01-2021 20:20:05.417; 4
21,24,39,53
400.0
2; 05-01-2021 20:20:05.417; 3
80,63,95
900.0
2; 05-01-2021 20:20:05.419; 9
50,44,49,31,62,12,29,46,38
2700.0
1; 05-01-2021 20:20:05.419; 5
31,71,23,85,89
1000.0
2; 05-01-2021 20:20:05.419; 5
26,72,95,40,58
1500.0
2; 05-01-2021 20:20:07.416; 9
15,75,19,12,71,53,9,46,73
2700.0
0; 05-01-2021 20:20:07.418; 10
7,47,8,25,62,83,41,73,89,71
1000.0
2; 05-01-2021 20:20:07.418; 5
27,13,77,59,88
1500.0
1; 05-01-2021 20:20:07.418; 8
5,61,1,70,69,17,95,85
1600.0
0; 05-01-2021 20:20:07.418; 3
37,100,98
300.0
2; 05-01-2021 20:20:07.418; 7
64,91,2,55,3,68,58
2100.0
2; 05-01-2021 20:20:07.418; 5
18,70,43,17,49
1500.0
1; 05-01-2021 20:20:07.418; 4
43,26,50,74
800.0
1; 05-01-2021 20:20:07.419; 3
46,54,9
600.0
1; 05-01-2021 20:20:07.419; 1
19
200.0
0; 05-01-2021 20:20:09.417; 1
18
100.0
0; 05-01-2021 20:20:09.417; 8
14,88,42,50,82,40,54,66
800.0
2; 05-01-2021 20:20:09.417; 5
63,37,13,75,64
1500.0
0; 05-01-2021 20:20:09.419; 5
79,75,33,19,5
500.0
0; 05-01-2021 20:20:09.419; 4
60,6,65,64
400.0
0; 05-01-2021 20:20:09.419; 9
64,33,36,68,75,72,54,96,83
900.0
2; 05-01-2021 20:20:09.419; 3
67,71,89
900.0
1; 05-01-2021 20:20:09.419; 8
78,76,50,62,92,88,30,72
1600.0
1; 05-01-2021 20:20:09.419; 10
50,54,18,75,93,37,49,44,38,45
2000.0
1; 05-01-2021 20:20:11.417; 2
8,67
400.0
0; 05-01-2021 20:20:11.417; 9
47,73,90,56,75,99,36,38,39
900.0
0; 05-01-2021 20:20:11.417; 4
99,50,43,52
400.0
0; 05-01-2021 20:20:11.417; 2
23,72
200.0
0; 05-01-2021 20:20:11.419; 3
40,27,51
300.0
0; 05-01-2021 20:20:11.419; 10
45,18,99,71,62,20,58,75,44,46
1000.0
0; 05-01-2021 20:20:11.419; 5
20,96,4,83,80
500.0
2; 05-01-2021 20:20:11.419; 7
58,27,12,93,36,45,19
2100.0
0; 05-01-2021 20:20:11.419; 4
94,65,63,84
400.0
0; 05-01-2021 20:20:13.417; 10
88,10,8,58,46,40,11,44,5,50
1000.0
2; 05-01-2021 20:20:13.417; 9
68,50,32,12,57,64,56,15,63
2700.0
1; 05-01-2021 20:20:13.417; 2
26,40
400.0
0; 05-01-2021 20:20:13.417; 6
8,41,35,99,77,68
600.0
0; 05-01-2021 20:20:13.419; 4
33,67,66,99
400.0
2; 05-01-2021 20:20:13.419; 1
70
300.0
2; 05-01-2021 20:20:13.419; 5
17,40,94,30,55
1500.0
2; 05-01-2021 20:20:13.419; 6
9,8,6,66,37,94
1800.0
0; 05-01-2021 20:20:13.419; 9
72,37,66,24,81,41,86,28,43
900.0
1; 05-01-2021 20:20:13.419; 8
78,31,16,76,5,71,95,35
1600.0
2; 05-01-2021 20:20:15.417; 6
18,2,99,7,34,69
1800.0
0; 05-01-2021 20:20:15.417; 2
87,48
200.0
0; 05-01-2021 20:20:15.417; 1
34
100.0
0; 05-01-2021 20:20:15.417; 10
57,24,39,87,22,48,34,54,69,9
1000.0
0; 05-01-2021 20:20:15.419; 4
94,66,89,55
400.0
1; 05-01-2021 20:20:15.419; 2
93,28
400.0
0; 05-01-2021 20:20:15.419; 3
91,49,61
300.0
2; 05-01-2021 20:20:15.419; 1
70
300.0
2; 05-01-2021 20:20:17.417; 10
74,51,84,11,17,9,32,5,89,27
3000.0
2; 05-01-2021 20:20:17.417; 9
100,47,37,81,2,33,40,67,21
2700.0
0; 05-01-2021 20:20:17.417; 9
77,98,99,56,92,19,90,4,25
900.0
2; 05-01-2021 20:20:17.419; 5
68,58,50,65,31
1500.0
2; 05-01-2021 20:20:17.419; 8
57,28,99,56,27,10,37,39
2400.0
2; 05-01-2021 20:20:17.419; 4
18,4,11,91
1200.0
2; 05-01-2021 20:20:17.419; 3
5,18,4
900.0
1; 05-01-2021 20:20:17.423; 7
80,18,11,43,58,52,71
1400.0
1; 05-01-2021 20:20:17.423; 10
74,37,38,91,48,59,14,23,45,73
2000.0
0; 05-01-2021 20:20:19.417; 2
61,22
200.0
2; 05-01-2021 20:20:19.417; 6
27,32,2,25,78,88
1800.0
2; 05-01-2021 20:20:19.417; 7
80,53,23,64,5,70,56
2100.0
2; 05-01-2021 20:20:19.417; 7
95,42,81,5,100,10,72
2100.0
0; 05-01-2021 20:20:19.418; 8
60,52,79,94,46,55,43,19
800.0
0; 05-01-2021 20:20:19.418; 6
84,69,76,65,77,96
600.0
2; 05-01-2021 20:20:19.418; 9
84,24,46,47,72,80,83,43,3
2700.0
2; 05-01-2021 20:20:19.420; 7
50,88,12,44,56,15,66
2100.0
2; 05-01-2021 20:20:19.420; 1
90
300.0
1; 05-01-2021 20:20:21.418; 3
54,50,51
600.0
0; 05-01-2021 20:20:21.418; 5
98,4,94,18,3
500.0
0; 05-01-2021 20:20:21.418; 7
19,93,60,8,88,72,59
700.0
0; 05-01-2021 20:20:21.418; 2
21,82
200.0
2; 05-01-2021 20:20:21.418; 10
77,74,16,53,99,5,78,34,82,70
3000.0
2; 05-01-2021 20:20:21.418; 7
23,21,14,1,87,64,62
2100.0
1; 05-01-2021 20:20:21.418; 8
46,64,32,39,66,88,92,37
1600.0
2; 05-01-2021 20:20:21.418; 6
46,21,38,98,71,88
1800.0
2; 05-01-2021 20:20:21.418; 9
100,67,22,93,97,35,8,63,23
2700.0
2; 05-01-2021 20:20:21.418; 8
26,85,47,77,84,3,22,60
2400.0
1; 05-01-2021 20:20:23.417; 5
96,52,59,46,54
1000.0
2; 05-01-2021 20:20:23.417; 8
34,25,22,42,2,58,86,12
2400.0
1; 05-01-2021 20:20:23.417; 6
12,54,29,9,59,92
1200.0
2; 05-01-2021 20:20:23.417; 10
42,68,32,28,57,8,83,29,50,7
3000.0
1; 05-01-2021 20:20:23.417; 8
38,15,100,5,48,3,8,27
1600.0
2; 05-01-2021 20:20:23.417; 4
25,80,42,29
1200.0
0; 05-01-2021 20:20:23.419; 1
39
100.0
1; 05-01-2021 20:20:23.419; 5
77,57,75,63,17
1000.0
0; 05-01-2021 20:20:23.419; 5
94,93,46,99,78
500.0
1; 05-01-2021 20:20:25.417; 10
2,42,98,75,13,71,79,76,37,56
2000.0
1; 05-01-2021 20:20:25.417; 4
50,58,14,22
800.0
0; 05-01-2021 20:20:25.417; 2
20,8
200.0
1; 05-01-2021 20:20:25.417; 8
76,2,55,66,20,85,16,67
1600.0
2; 05-01-2021 20:20:25.417; 10
55,31,49,40,30,29,92,46,84,93
3000.0
0; 05-01-2021 20:20:25.417; 5
5,83,61,45,67
500.0
1; 05-01-2021 20:20:25.419; 9
70,90,92,17,30,59,81,76,50
1800.0
2; 05-01-2021 20:20:25.419; 9
71,34,75,61,66,70,54,38,41
2700.0
0; 05-01-2021 20:20:27.417; 9
37,69,47,2,51,62,35,52,89
900.0
0; 05-01-2021 20:20:27.417; 9
95,33,28,80,77,40,87,64,74
900.0
2; 05-01-2021 20:20:27.418; 8
8,90,80,37,86,94,17,28
2400.0
0; 05-01-2021 20:20:27.418; 7
24,79,10,8,55,94,40
700.0
1; 05-01-2021 20:20:27.418; 4
31,71,82,54
800.0
1; 05-01-2021 20:20:27.418; 2
66,96
400.0
0; 05-01-2021 20:20:27.419; 3
92,22,56
300.0
0; 05-01-2021 20:20:27.419; 8
97,57,29,89,41,19,91,25
800.0
2; 05-01-2021 20:20:27.419; 6
27,15,93,99,87,16
1800.0
2; 05-01-2021 20:20:29.416; 10
57,40,25,64,87,41,16,28,32,67
3000.0
2; 05-01-2021 20:20:29.416; 3
72,27,58
900.0
1; 05-01-2021 20:20:29.417; 2
76,16
400.0
0; 05-01-2021 20:20:29.417; 4
65,64,33,92
400.0
2; 05-01-2021 20:20:29.417; 3
76,43,92
900.0
2; 05-01-2021 20:20:29.417; 6
57,84,46,94,9,5
1800.0
2; 05-01-2021 20:20:29.419; 4
91,2,78,66
1200.0
0; 05-01-2021 20:20:29.419; 9
94,40,50,44,21,15,96,70,52
900.0
1; 05-01-2021 20:20:29.419; 2
26,65
400.0
2; 05-01-2021 20:20:29.419; 4
93,21,18,70
1200.0
2; 05-01-2021 20:20:31.418; 9
29,71,74,93,80,2,78,7,24
2700.0
1; 05-01-2021 20:20:31.418; 4
76,57,33,27
800.0
0; 05-01-2021 20:20:31.418; 5
75,22,18,49,88
500.0
2; 05-01-2021 20:20:31.418; 4
36,89,76,34
1200.0
2; 05-01-2021 20:20:31.418; 5
9,15,100,18,10
1500.0
2; 05-01-2021 20:20:31.420; 2
48,88
600.0
1; 05-01-2021 20:20:31.420; 10
6,37,73,59,58,26,94,98,30,48
2000.0
0; 05-01-2021 20:20:31.420; 1
90
100.0
2; 05-01-2021 20:20:31.420; 6
39,55,4,62,32,57
1800.0
1; 05-01-2021 20:20:33.418; 2
68,66
400.0
0; 05-01-2021 20:20:33.418; 3
82,26,3
300.0
1; 05-01-2021 20:20:33.418; 9
34,21,12,60,19,100,32,51,9
1800.0
0; 05-01-2021 20:20:33.418; 8
25,19,86,100,44,39,67,69
800.0
1; 05-01-2021 20:20:33.418; 4
97,85,39,79
800.0
2; 05-01-2021 20:20:33.418; 7
11,45,33,96,91,84,20
2100.0
2; 05-01-2021 20:20:33.420; 7
49,11,33,27,28,15,80
2100.0
1; 05-01-2021 20:20:33.420; 7
44,20,95,31,49,27,74
1400.0
1; 05-01-2021 20:20:33.420; 2
17,4
400.0
0; 05-01-2021 20:20:35.417; 7
16,68,25,62,9,95,86
700.0
1; 05-01-2021 20:20:35.417; 6
83,82,17,24,37,35
1200.0
0; 05-01-2021 20:20:35.417; 2
36,15
200.0
1; 05-01-2021 20:20:35.417; 6
91,1,32,93,65,76
1200.0
2; 05-01-2021 20:20:35.417; 2
11,95
600.0
1; 05-01-2021 20:20:35.417; 3
9,65,95
600.0
1; 05-01-2021 20:20:35.419; 4
98,55,26,76
800.0
2; 05-01-2021 20:20:35.419; 4
20,5,35,31
1200.0
0; 05-01-2021 20:20:35.419; 9
74,88,15,44,94,85,16,22,84
900.0
2; 05-01-2021 20:20:35.419; 2
38,55
600.0
1; 05-01-2021 20:20:37.416; 7
35,79,58,42,43,99,96
1400.0
0; 05-01-2021 20:20:37.416; 9
6,53,96,12,22,87,33,79,34
900.0
1; 05-01-2021 20:20:37.416; 5
6,11,23,52,30
1000.0
1; 05-01-2021 20:20:37.416; 9
36,13,31,65,77,72,98,34,87
1800.0
