05-01-2021 12:09:55.306
0; 0.0; corect;
1; 0.0; corect;
2; 0.0; corect;

05-01-2021 12:10:00.289
0; 900.0; corect; 2,7,33,58,61,85,89,91,92
1; 6600.0; corect; 1,2,4,5,9,14,18,20,24,27,28,30,36,38,44,49,57,60,64,65,70,73,74,79,82,83,85,88,90,91,92,93,98
2; 3600.0; corect; 16,22,34,45,46,51,73,80,81,90,93,94

05-01-2021 12:10:05.299
0; 3200.0; gresit; 2,7,8,21,23,24,28,30,31,32,33,35,38,41,42,47,53,58,61,66,67,68,73,74,85,86,89,90,91,92,94,96
1; 6600.0; corect; 1,2,4,5,9,14,18,20,24,27,28,30,36,38,44,49,57,60,64,65,70,73,74,79,82,83,85,88,90,91,92,93,98
2; 3900.0; corect; 10,16,22,34,45,46,51,73,80,81,90,93,94

05-01-2021 12:10:10.290
0; 3500.0; corect; 2,7,8,11,21,23,24,28,30,31,32,33,35,38,41,42,43,47,53,58,61,66,67,68,73,74,85,86,89,90,91,92,94,96,98
1; 6600.0; corect; 1,2,4,5,9,14,18,20,24,27,28,30,36,38,44,49,57,60,64,65,70,73,74,79,82,83,85,88,90,91,92,93,98
2; 4500.0; corect; 10,16,22,34,45,46,51,73,74,78,80,81,90,93,94



Vanzari esuate:
0; 05-01-2021 12:09:57.291; 7
97,25,9,62,52,58,65
700.0
1; 05-01-2021 12:09:57.291; 10
35,21,73,85,52,12,9,51,38,8
2000.0
1; 05-01-2021 12:09:57.291; 2
45,9
400.0
0; 05-01-2021 12:09:59.286; 10
58,78,41,33,18,55,88,23,48,11
1000.0
1; 05-01-2021 12:09:59.286; 7
82,46,83,90,96,53,35
1400.0
0; 05-01-2021 12:09:59.286; 2
61,45
200.0
1; 05-01-2021 12:09:59.286; 4
8,88,87,9
800.0
2; 05-01-2021 12:09:59.286; 7
7,90,21,64,6,95,12
2100.0
2; 05-01-2021 12:09:59.286; 2
6,22
600.0
1; 05-01-2021 12:10:01.291; 5
13,44,55,39,78
1000.0
1; 05-01-2021 12:10:01.291; 7
81,50,71,26,74,75,53
1400.0
1; 05-01-2021 12:10:01.291; 10
1,56,65,50,48,92,52,73,43,5
2000.0
0; 05-01-2021 12:10:01.291; 8
69,40,38,92,75,77,23,59
800.0
0; 05-01-2021 12:10:01.291; 6
42,92,87,46,18,91
600.0
1; 05-01-2021 12:10:03.296; 6
53,5,41,39,36,2
1200.0
0; 05-01-2021 12:10:03.296; 6
41,55,32,11,85,4
600.0
2; 05-01-2021 12:10:03.296; 1
45
300.0
1; 05-01-2021 12:10:03.296; 10
64,44,99,63,56,2,49,35,84,60
2000.0
1; 05-01-2021 12:10:03.296; 4
79,93,53,19
800.0
2; 05-01-2021 12:10:03.296; 10
8,5,75,1,25,22,80,26,39,86
3000.0
1; 05-01-2021 12:10:03.296; 2
83,47
400.0
0; 05-01-2021 12:10:03.296; 10
91,52,62,27,26,25,20,10,40,69
1000.0
1; 05-01-2021 12:10:05.299; 4
5,82,25,68
800.0
2; 05-01-2021 12:10:05.299; 4
94,92,9,79
1200.0
1; 05-01-2021 12:10:05.299; 7
18,12,46,81,67,78,42
1400.0
2; 05-01-2021 12:10:05.299; 6
11,5,82,34,8,25
1800.0
0; 05-01-2021 12:10:05.299; 5
44,7,60,100,9
500.0
1; 05-01-2021 12:10:05.299; 3
59,91,94
600.0
1; 05-01-2021 12:10:05.299; 7
64,60,95,58,39,10,8
1400.0
1; 05-01-2021 12:10:05.299; 6
58,33,87,76,48,49
1200.0
2; 05-01-2021 12:10:05.299; 10
7,94,92,4,74,58,51,93,1,38
3000.0
2; 05-01-2021 12:10:07.302; 8
45,80,95,96,70,55,94,72
2400.0
2; 05-01-2021 12:10:07.302; 9
34,81,33,28,9,96,64,63,39
2700.0
0; 05-01-2021 12:10:07.302; 5
5,27,2,76,50
500.0
0; 05-01-2021 12:10:07.302; 6
100,21,29,83,30,95
600.0
2; 05-01-2021 12:10:07.302; 8
53,71,50,100,17,75,34,89
2400.0
1; 05-01-2021 12:10:07.302; 5
61,46,34,82,100
1000.0
0; 05-01-2021 12:10:07.302; 7
22,28,21,57,18,33,75
700.0
0; 05-01-2021 12:10:07.302; 2
20,58
200.0
2; 05-01-2021 12:10:07.302; 5
54,15,16,43,11
1500.0
2; 05-01-2021 12:10:09.287; 6
18,93,31,38,24,99
1800.0
0; 05-01-2021 12:10:09.287; 10
11,55,49,80,60,26,70,54,28,87
1000.0
1; 05-01-2021 12:10:09.287; 5
36,90,32,49,19
1000.0
0; 05-01-2021 12:10:09.287; 7
38,47,77,28,82,72,14
700.0
1; 05-01-2021 12:10:09.287; 5
75,90,44,94,59
1000.0
2; 05-01-2021 12:10:09.287; 10
99,63,60,40,27,78,67,59,10,39
3000.0
1; 05-01-2021 12:10:09.287; 10
97,55,95,85,22,62,32,100,88,99
2000.0
0; 05-01-2021 12:10:09.287; 7
46,78,41,35,80,40,3
700.0
1; 05-01-2021 12:10:09.287; 7
3,81,8,15,96,72,27
1400.0
0; 05-01-2021 12:10:11.293; 4
77,45,19,61
400.0
1; 05-01-2021 12:10:11.293; 8
73,91,81,62,100,27,72,49
1600.0
2; 05-01-2021 12:10:11.293; 7
98,10,18,90,19,85,97
2100.0
1; 05-01-2021 12:10:11.293; 8
81,96,80,85,10,93,70,1
1600.0
1; 05-01-2021 12:10:11.293; 8
82,11,41,89,56,46,61,53
1600.0
0; 05-01-2021 12:10:11.293; 8
89,15,18,96,39,25,48,5
800.0
0; 05-01-2021 12:10:11.293; 6
72,2,98,94,9,4
600.0
2; 05-01-2021 12:10:11.293; 10
16,73,29,30,78,5,88,68,45,64
3000.0
1; 05-01-2021 12:10:13.288; 6
56,17,10,60,98,59
1200.0
2; 05-01-2021 12:10:13.288; 8
6,91,96,73,77,21,25,19
2400.0
1; 05-01-2021 12:10:13.288; 6
99,48,57,27,96,76
1200.0
0; 05-01-2021 12:10:13.288; 3
24,14,69
300.0
1; 05-01-2021 12:10:13.288; 2
32,74
400.0
0; 05-01-2021 12:10:13.288; 7
85,72,30,74,22,11,78
700.0
1; 05-01-2021 12:10:13.288; 10
7,90,32,21,11,42,9,33,87,36
2000.0
