0; 2021-01-08; Spectacol 1; 100.0
61,81,58,74,10,89,44,77,7,64,4,99,60,97,91,28,65,45,40,57,98,19,13,93,8,84,31,96,30,20,73,14,25,43,69,41,38,100,17,59,53,76,29,51,94,11,34,90,70,78,2,12,24,55,1,33,71,95,56,47,66,82,46,21,6,23,49,87,79
0.0

1; 2021-01-09; Spectacol 2; 200.0
28,75,47,48,29,69,3,56,80,90,38,21,74,13,35,26,37,7,76,61,81,49,84,70,31,55,4,33,14,36,9,93,94,17,15,57,63,16,98,41,39,85,24,42,86,77,79,1,83,82,89,88,72,78,100,22,27,58,23,91,60,52,62,10,96,8,40
0.0

2; 2021-01-10; Spectacol 3; 300.0
23,25,39,62,81,75,91,1,93,89,90,41,72,67,64,61,11,60,77,97,7,76,36,19,40,20,87,22,50,79,84,58,15,29,69,44,8,78,56,86,51,42,74,80,10,6,59,14,71,30,4,53,2,28,54,48,49,17,52,35,27,99,13
0.0

