0; 2021-01-08; Spectacol 1; 100.0
81,78,68,62,15,25,19,93,80,24,18,70,9,21,100,91,47,75,33,26,74,53,73,42,43,8,90,94,63,38,34,79,95,40,23,84,66,96,83,7,48,32,2,58,22,10,39,64,59,14,20,57,5,30,99,31,51,29,56,92,28,52
6200.0

1; 2021-01-09; Spectacol 2; 200.0
55,51,84,8,66,44,25,62,22,57,30,48,100,19,82,88,53,20,56,73,98,79,14,74,4,40,89,50,96,2,41,49,61,3,65,5,37,6,28,83,32,76,12,13,54,52,36,31,85,47,26,46,97,64,27,69,94,86,16,35,15,80,72,91,33,34
13200.0

2; 2021-01-10; Spectacol 3; 300.0
53,100,63,19,38,60,86,54,73,3,82,45,85,16,69,14,58,15,6,75,77,21,1,66,89,98,18,12,25,93,71,44,56,40,79,72,26,46,51,90,52,97,2,22,32,91,64,29,67,33,48,81,11,88,42,4,43,70,37,49,74,10,96,35,55
19500.0

