0; 2021-01-08; Spectacol 1; 100.0
79,65,96,53,49,3,24,5,62,27,84,86,31,16,89,13,92,100,99,78,14,7,1,69,19,68,77,97,87,64,23,39,61,21,98,55,82,91,41,81,66,83,20,22,60,50,47,80,46,76,25,94,37,67,4,52,71,48,88
0.0

1; 2021-01-09; Spectacol 2; 200.0
37,40,30,99,14,43,76,80,79,21,85,18,25,71,70,22,88,61,68,72,4,32,8,52,15,31,65,64,57,53,11,56,94,86,87,17,41,38,60,5,77,59,1,50,55,49,19,48,95,73,69,47,89,92,90,100,6,13,24,35,20,7,75,33,9,67,42,78,44
0.0

2; 2021-01-10; Spectacol 3; 300.0
19,65,51,35,66,3,67,6,81,20,96,31,21,73,5,83,50,7,38,33,60,97,98,18,61,95,64,43,68,16,44,47,29,82,77,27,8,89,52,91,1,57,40,2,11,62,49,76,36,15,22,28,84,41,100,78,58,24,74,72,45,34
0.0

