0; 05-01-2021 20:18:39.420; 3
81,78,68
300.0

1; 05-01-2021 20:18:39.419; 5
55,51,84,8,66
1000.0

2; 05-01-2021 20:18:39.419; 5
53,100,63,19,38
1500.0

2; 05-01-2021 20:18:39.420; 9
60,86,54,73,3,82,45,85,16
2700.0

1; 05-01-2021 20:18:39.420; 6
44,25,62,22,57,30
1200.0

2; 05-01-2021 20:18:39.420; 9
69,14,58,15,6,75,77,21,1
2700.0

0; 05-01-2021 20:18:41.418; 6
62,15,25,19,93,80
600.0

1; 05-01-2021 20:18:41.418; 8
48,100,19,82,88,53,20,56
1600.0

2; 05-01-2021 20:18:41.418; 5
66,89,98,18,12
1500.0

0; 05-01-2021 20:18:41.418; 3
24,18,70
300.0

0; 05-01-2021 20:18:41.418; 9
9,21,100,91,47,75,33,26,74
900.0

0; 05-01-2021 20:18:41.420; 2
53,73
200.0

2; 05-01-2021 20:18:43.418; 1
25
300.0

0; 05-01-2021 20:18:43.418; 1
42
100.0

0; 05-01-2021 20:18:43.418; 1
43
100.0

0; 05-01-2021 20:18:43.418; 3
8,90,94
300.0

1; 05-01-2021 20:18:45.418; 4
73,98,79,14
800.0

2; 05-01-2021 20:18:47.416; 1
93
300.0

0; 05-01-2021 20:18:47.416; 1
63
100.0

0; 05-01-2021 20:18:47.419; 2
38,34
200.0

2; 05-01-2021 20:18:47.419; 3
71,44,56
900.0

1; 05-01-2021 20:18:49.420; 9
74,4,40,89,50,96,2,41,49
1800.0

1; 05-01-2021 20:18:51.417; 7
61,3,65,5,37,6,28
1400.0

2; 05-01-2021 20:18:51.419; 2
40,79
600.0

2; 05-01-2021 20:18:51.419; 1
72
300.0

2; 05-01-2021 20:18:53.417; 1
26
300.0

0; 05-01-2021 20:18:55.418; 2
79,95
200.0

0; 05-01-2021 20:18:55.418; 1
40
100.0

0; 05-01-2021 20:18:57.418; 2
23,84
200.0

0; 05-01-2021 20:18:57.419; 3
66,96,83
300.0

0; 05-01-2021 20:18:57.419; 2
7,48
200.0

0; 05-01-2021 20:19:01.417; 1
32
100.0

1; 05-01-2021 20:19:01.417; 1
83
200.0

1; 05-01-2021 20:19:03.418; 5
32,76,12,13,54
1000.0

2; 05-01-2021 20:19:03.418; 2
46,51
600.0

0; 05-01-2021 20:19:07.418; 2
2,58
200.0

1; 05-01-2021 20:19:11.417; 3
52,36,31
600.0

2; 05-01-2021 20:19:11.417; 10
90,52,97,2,22,32,91,64,29,67
3000.0

2; 05-01-2021 20:19:11.418; 1
33
300.0

0; 05-01-2021 20:19:11.418; 1
22
100.0

1; 05-01-2021 20:19:13.417; 4
85,47,26,46
800.0

0; 05-01-2021 20:19:15.419; 1
10
100.0

2; 05-01-2021 20:19:17.418; 1
48
300.0

1; 05-01-2021 20:19:25.418; 1
97
200.0

0; 05-01-2021 20:19:25.418; 6
39,64,59,14,20,57
600.0

2; 05-01-2021 20:19:29.419; 1
81
300.0

2; 05-01-2021 20:19:31.419; 1
11
300.0

1; 05-01-2021 20:19:35.417; 1
64
200.0

2; 05-01-2021 20:19:35.419; 1
88
300.0

0; 05-01-2021 20:19:43.417; 2
5,30
200.0

0; 05-01-2021 20:19:43.419; 1
99
100.0

2; 05-01-2021 20:19:43.419; 1
42
300.0

2; 05-01-2021 20:19:43.419; 1
4
300.0

0; 05-01-2021 20:19:45.417; 2
31,51
200.0

1; 05-01-2021 20:19:53.417; 1
27
200.0

2; 05-01-2021 20:19:55.416; 2
43,70
600.0

0; 05-01-2021 20:20:01.419; 1
29
100.0

0; 05-01-2021 20:20:01.419; 1
56
100.0

2; 05-01-2021 20:20:05.419; 1
37
300.0

2; 05-01-2021 20:20:09.417; 2
49,74
600.0

1; 05-01-2021 20:20:11.419; 1
69
200.0

1; 05-01-2021 20:20:15.419; 2
94,86
400.0

1; 05-01-2021 20:20:15.419; 1
16
200.0

2; 05-01-2021 20:20:17.419; 2
10,96
600.0

0; 05-01-2021 20:20:19.418; 1
92
100.0

1; 05-01-2021 20:20:23.419; 1
35
200.0

2; 05-01-2021 20:20:25.417; 1
35
300.0

0; 05-01-2021 20:20:25.419; 2
28,52
200.0

1; 05-01-2021 20:20:27.417; 1
15
200.0

1; 05-01-2021 20:20:31.418; 5
80,72,91,33,34
1000.0

2; 05-01-2021 20:20:33.418; 1
55
300.0

