0; 05-01-2021 12:11:54.674; 9
14,7,71,61,80,47,11,59,77
900.0

1; 05-01-2021 12:11:54.674; 5
33,96,38,58,10
1000.0

2; 05-01-2021 12:11:54.674; 7
89,95,97,42,67,58,22
2100.0

0; 05-01-2021 12:11:54.674; 10
2,3,75,91,22,26,45,99,44,89
1000.0

1; 05-01-2021 12:11:54.674; 9
56,57,40,90,28,64,1,92,36
1800.0

2; 05-01-2021 12:11:54.674; 6
34,53,21,36,15,66
1800.0

1; 05-01-2021 12:11:54.674; 2
94,42
400.0

0; 05-01-2021 12:11:54.674; 7
13,41,86,68,33,19,76
700.0

2; 05-01-2021 12:11:56.677; 4
75,96,92,12
1200.0

1; 05-01-2021 12:11:56.677; 1
26
200.0

0; 05-01-2021 12:11:56.677; 1
36
100.0

2; 05-01-2021 12:11:56.677; 5
35,11,59,69,64
1500.0

2; 05-01-2021 12:11:56.677; 1
46
300.0

2; 05-01-2021 12:11:58.673; 2
2,65
600.0

2; 05-01-2021 12:11:58.673; 2
74,88
600.0

1; 05-01-2021 12:12:00.690; 2
18,52
400.0

2; 05-01-2021 12:12:00.690; 4
81,47,93,100
1200.0

1; 05-01-2021 12:12:00.690; 2
63,48
400.0

2; 05-01-2021 12:12:02.672; 5
1,37,33,49,43
1500.0

0; 05-01-2021 12:12:02.672; 5
90,100,20,82,5
500.0

0; 05-01-2021 12:12:02.672; 1
4
100.0

1; 05-01-2021 12:12:02.672; 3
4,2,66
600.0

0; 05-01-2021 12:12:04.674; 5
83,15,31,32,81
500.0

2; 05-01-2021 12:12:04.674; 2
4,30
600.0

0; 05-01-2021 12:12:04.674; 1
10
100.0

1; 05-01-2021 12:12:04.674; 2
31,60
400.0

2; 05-01-2021 12:12:06.677; 1
71
300.0

2; 05-01-2021 12:12:06.677; 2
61,78
600.0

0; 05-01-2021 12:12:06.677; 1
58
100.0

0; 05-01-2021 12:12:06.677; 2
62,42
200.0

1; 05-01-2021 12:12:08.680; 9
5,25,86,32,47,24,59,65,7
1800.0

0; 05-01-2021 12:12:10.683; 1
29
100.0

1; 05-01-2021 12:12:10.683; 1
81
200.0

