0; 05-01-2021 12:13:21.840; 7
48,64,58,44,97,20,49
700.0

1; 05-01-2021 12:13:21.840; 2
16,88
400.0

0; 05-01-2021 12:13:21.840; 6
35,23,82,53,65,99
600.0

0; 05-01-2021 12:13:21.840; 3
9,90,33
300.0

2; 05-01-2021 12:13:21.840; 1
22
300.0

2; 05-01-2021 12:13:21.840; 4
15,94,64,72
1200.0

0; 05-01-2021 12:13:21.840; 5
70,4,7,11,51
500.0

2; 05-01-2021 12:13:21.840; 6
97,5,85,37,81,18
1800.0

0; 05-01-2021 12:13:21.840; 5
81,26,54,16,67
500.0

2; 05-01-2021 12:13:23.837; 2
66,30
600.0

2; 05-01-2021 12:13:23.837; 1
32
300.0

0; 05-01-2021 12:13:23.837; 3
5,95,17
300.0

2; 05-01-2021 12:13:23.839; 3
57,89,20
900.0

0; 05-01-2021 12:13:23.839; 2
28,10
200.0

1; 05-01-2021 12:13:23.839; 1
24
200.0

1; 05-01-2021 12:13:23.839; 10
48,28,3,78,42,95,26,50,66,12
2000.0

2; 05-01-2021 12:13:25.841; 1
80
300.0

1; 05-01-2021 12:13:25.841; 1
34
200.0

2; 05-01-2021 12:13:27.851; 5
34,55,100,58,43
1500.0

0; 05-01-2021 12:13:27.851; 1
77
100.0

2; 05-01-2021 12:13:27.851; 2
69,35
600.0

2; 05-01-2021 12:13:27.851; 1
95
300.0

1; 05-01-2021 12:13:29.856; 10
46,93,20,31,19,94,29,85,70,65
2000.0

0; 05-01-2021 12:13:29.856; 4
75,55,74,29
400.0

2; 05-01-2021 12:13:29.856; 5
40,59,96,7,4
1500.0

2; 05-01-2021 12:13:29.856; 1
63
300.0

2; 05-01-2021 12:13:29.856; 1
50
300.0

2; 05-01-2021 12:13:31.859; 1
38
300.0

1; 05-01-2021 12:13:31.859; 7
86,47,87,89,41,39,30
1400.0

0; 05-01-2021 12:13:31.859; 1
52
100.0

0; 05-01-2021 12:13:33.850; 9
93,40,8,1,98,2,60,22,43
900.0

2; 05-01-2021 12:13:33.850; 2
27,75
600.0

0; 05-01-2021 12:13:33.850; 1
3
100.0

2; 05-01-2021 12:13:37.840; 2
21,8
600.0

