0; 05-01-2021 12:09:57.291; 2
92,89
200.0

1; 05-01-2021 12:09:57.291; 3
79,88,2
600.0

1; 05-01-2021 12:09:57.291; 2
14,1
400.0

0; 05-01-2021 12:09:57.291; 3
61,58,2
300.0

0; 05-01-2021 12:09:57.291; 4
91,85,7,33
400.0

1; 05-01-2021 12:09:57.291; 9
85,9,4,90,65,98,30,38,57
1800.0

2; 05-01-2021 12:09:57.291; 2
90,93
600.0

2; 05-01-2021 12:09:59.286; 4
46,51,45,16
1200.0

2; 05-01-2021 12:09:59.286; 6
34,73,80,94,22,81
1800.0

1; 05-01-2021 12:09:59.286; 10
24,36,27,83,64,44,20,5,70,91
2000.0

1; 05-01-2021 12:09:59.286; 9
49,60,74,82,28,92,73,18,93
1800.0

0; 05-01-2021 12:10:01.291; 2
53,30
200.0

0; 05-01-2021 12:10:01.291; 3
94,23,31
300.0

0; 05-01-2021 12:10:01.291; 1
66
100.0

0; 05-01-2021 12:10:01.291; 6
24,74,90,21,35,73
600.0

0; 05-01-2021 12:10:01.291; 1
32
100.0

0; 05-01-2021 12:10:03.296; 10
47,96,41,8,86,38,68,28,42,67
1000.0

2; 05-01-2021 12:10:03.296; 1
10
300.0

0; 05-01-2021 12:10:05.299; 2
11,98
200.0

0; 05-01-2021 12:10:07.302; 1
43
100.0

2; 05-01-2021 12:10:09.287; 2
74,78
600.0

1; 05-01-2021 12:10:11.293; 5
95,61,25,31,32
1000.0

0; 05-01-2021 12:10:11.293; 2
14,49
200.0

2; 05-01-2021 12:10:13.288; 2
79,96
600.0

0; 05-01-2021 12:10:13.288; 1
5
100.0

2; 05-01-2021 12:10:13.288; 6
21,84,23,17,97,12
1800.0

