05-01-2021 12:13:19.845
0; 0.0; corect;
1; 0.0; corect;
2; 0.0; corect;

05-01-2021 12:13:24.850
0; 3100.0; corect; 4,5,7,9,10,11,16,17,20,23,26,28,33,35,44,48,49,51,53,54,58,64,65,67,70,81,82,90,95,97,99
1; 2600.0; corect; 3,12,16,24,26,28,42,48,50,66,78,88,95
2; 5100.0; corect; 5,15,18,20,22,30,32,37,57,64,66,72,81,85,89,94,97

05-01-2021 12:13:29.885
0; 3200.0; gresit; 4,5,7,9,10,11,16,17,20,23,26,28,33,35,44,48,49,51,53,54,58,64,65,67,70,77,81,82,90,95,97,99
1; 2800.0; gresit; 3,12,16,24,26,28,34,42,48,50,66,78,88,95
2; 7800.0; gresit; 5,15,18,20,22,30,32,34,35,37,43,55,57,58,64,66,69,72,80,81,85,89,94,95,97,100

05-01-2021 12:13:34.836
0; 4700.0; corect; 1,2,3,4,5,7,8,9,10,11,16,17,20,22,23,26,28,29,33,35,40,43,44,48,49,51,52,53,54,55,58,60,64,65,67,70,74,75,77,81,82,90,93,95,97,98,99
1; 6200.0; corect; 3,12,16,19,20,24,26,28,29,30,31,34,39,41,42,46,47,48,50,65,66,70,78,85,86,87,88,89,93,94,95
2; 10800.0; corect; 4,5,7,15,18,20,22,27,30,32,34,35,37,38,40,43,50,55,57,58,59,63,64,66,69,72,75,80,81,85,89,94,95,96,97,100



Vanzari esuate:
2; 05-01-2021 12:13:21.840; 10
75,24,41,2,85,25,48,49,18,21
3000.0
0; 05-01-2021 12:13:23.837; 2
67,97
200.0
0; 05-01-2021 12:13:23.839; 1
64
100.0
1; 05-01-2021 12:13:23.839; 9
13,63,52,99,46,60,85,73,88
1800.0
2; 05-01-2021 12:13:25.841; 3
91,33,94
900.0
2; 05-01-2021 12:13:25.841; 10
82,31,4,59,3,62,85,38,18,46
3000.0
1; 05-01-2021 12:13:25.841; 7
4,24,40,14,89,84,82
1400.0
0; 05-01-2021 12:13:25.841; 8
75,23,36,81,42,58,47,71
800.0
2; 05-01-2021 12:13:25.841; 9
6,2,81,92,25,66,68,1,98
2700.0
1; 05-01-2021 12:13:25.841; 5
69,42,91,50,96
1000.0
1; 05-01-2021 12:13:25.841; 9
10,88,82,56,59,33,93,83,22
1800.0
2; 05-01-2021 12:13:25.841; 6
66,10,78,73,67,49
1800.0
0; 05-01-2021 12:13:27.851; 8
18,66,7,93,19,99,40,72
800.0
2; 05-01-2021 12:13:27.851; 5
45,64,91,100,5
1500.0
0; 05-01-2021 12:13:27.851; 9
41,9,78,61,98,17,92,11,21
900.0
0; 05-01-2021 12:13:27.851; 3
54,20,18
300.0
0; 05-01-2021 12:13:27.851; 9
43,66,70,57,88,12,46,98,35
900.0
2; 05-01-2021 12:13:27.851; 6
82,71,77,11,69,31
1800.0
0; 05-01-2021 12:13:29.856; 4
10,14,56,63
400.0
0; 05-01-2021 12:13:29.856; 8
28,13,65,11,7,35,10,97
800.0
2; 05-01-2021 12:13:29.856; 9
29,58,33,100,57,38,64,48,45
2700.0
1; 05-01-2021 12:13:29.856; 3
97,12,26
600.0
0; 05-01-2021 12:13:29.885; 7
52,30,80,81,56,35,70
700.0
1; 05-01-2021 12:13:31.859; 6
56,75,19,41,61,53
1200.0
0; 05-01-2021 12:13:31.859; 4
44,14,65,18
400.0
2; 05-01-2021 12:13:31.859; 9
93,73,14,13,11,46,47,43,91
2700.0
2; 05-01-2021 12:13:31.859; 2
25,43
600.0
2; 05-01-2021 12:13:31.859; 5
35,2,100,48,51
1500.0
1; 05-01-2021 12:13:31.859; 10
32,99,30,15,14,74,22,12,60,70
2000.0
0; 05-01-2021 12:13:31.859; 10
78,42,29,54,41,47,5,22,30,83
1000.0
1; 05-01-2021 12:13:33.850; 7
98,99,59,10,81,47,68
1400.0
1; 05-01-2021 12:13:33.850; 10
92,38,50,28,90,82,51,83,71,16
2000.0
1; 05-01-2021 12:13:33.850; 7
78,15,60,41,35,14,99
1400.0
2; 05-01-2021 12:13:33.850; 9
28,53,23,58,14,41,16,30,97
2700.0
2; 05-01-2021 12:13:33.850; 9
15,49,95,96,98,72,60,93,31
2700.0
1; 05-01-2021 12:13:33.850; 3
7,55,19
600.0
2; 05-01-2021 12:13:33.856; 10
85,98,49,58,20,61,33,87,47,70
3000.0
2; 05-01-2021 12:13:35.845; 4
96,32,4,41
1200.0
2; 05-01-2021 12:13:35.845; 1
43
300.0
1; 05-01-2021 12:13:35.845; 7
35,90,10,17,70,86,58
1400.0
1; 05-01-2021 12:13:35.845; 7
71,26,9,54,2,58,34
1400.0
1; 05-01-2021 12:13:35.845; 3
85,19,53
600.0
2; 05-01-2021 12:13:35.845; 10
56,77,90,99,11,45,75,92,71,15
3000.0
1; 05-01-2021 12:13:35.845; 8
39,89,47,81,48,44,94,67
1600.0
2; 05-01-2021 12:13:35.845; 10
90,77,88,23,57,60,48,36,71,39
3000.0
1; 05-01-2021 12:13:35.845; 7
18,97,99,14,86,5,45
1400.0
0; 05-01-2021 12:13:35.845; 5
69,19,100,1,7
500.0
1; 05-01-2021 12:13:37.840; 10
98,57,45,72,18,93,99,67,23,14
2000.0
0; 05-01-2021 12:13:37.840; 2
95,17
200.0
0; 05-01-2021 12:13:37.840; 9
29,54,82,8,94,59,99,84,25
900.0
1; 05-01-2021 12:13:37.840; 6
96,39,100,63,97,54
1200.0
1; 05-01-2021 12:13:37.840; 9
77,9,27,25,28,86,58,42,68
1800.0
0; 05-01-2021 12:13:37.840; 2
94,23
200.0
2; 05-01-2021 12:13:37.840; 4
87,69,84,14
1200.0
2; 05-01-2021 12:13:37.840; 10
55,56,39,32,7,80,87,20,49,47
3000.0
0; 05-01-2021 12:13:37.840; 2
54,8
200.0
