05-01-2021 14:36:15.165
0; 0.0; corect;
1; 0.0; corect;
2; 0.0; corect;

05-01-2021 14:36:20.145
0; 1200.0; corect; 3,5,24,27,49,53,62,65,79,84,86,96
1; 3800.0; corect; 14,18,21,22,25,30,37,40,43,61,68,70,71,76,79,80,85,88,99
2; 6900.0; corect; 3,5,6,7,19,20,21,31,33,35,38,50,51,60,65,66,67,73,81,83,96,97,98

05-01-2021 14:36:25.193
0; 2600.0; corect; 1,3,5,7,13,14,16,19,24,27,31,49,53,62,65,68,69,78,79,84,86,89,92,96,99,100
1; 5000.0; gresit; 4,8,14,15,18,21,22,25,30,32,37,40,43,52,61,68,70,71,72,76,79,80,85,88,99
2; 8700.0; gresit; 3,5,6,7,18,19,20,21,31,33,35,38,43,50,51,60,61,64,65,66,67,68,73,81,83,95,96,97,98

05-01-2021 14:36:30.146
0; 3200.0; corect; 1,3,5,7,13,14,16,19,23,24,27,31,39,49,53,62,64,65,68,69,77,78,79,84,86,87,89,92,96,97,99,100
1; 7200.0; corect; 4,8,11,14,15,17,18,21,22,25,30,31,32,37,40,43,52,53,56,57,61,64,65,68,70,71,72,76,79,80,85,86,87,88,94,99
2; 12000.0; corect; 3,5,6,7,8,16,18,19,20,21,27,29,31,33,35,38,43,44,47,50,51,52,60,61,64,65,66,67,68,73,77,81,82,83,89,91,95,96,97,98

05-01-2021 14:36:35.145
0; 3200.0; corect; 1,3,5,7,13,14,16,19,23,24,27,31,39,49,53,62,64,65,68,69,77,78,79,84,86,87,89,92,96,97,99,100
1; 8200.0; gresit; 4,5,8,11,14,15,17,18,21,22,25,30,31,32,37,38,40,41,43,52,53,56,57,60,61,64,65,68,70,71,72,76,77,79,80,85,86,87,88,94,99
2; 12000.0; corect; 3,5,6,7,8,16,18,19,20,21,27,29,31,33,35,38,43,44,47,50,51,52,60,61,64,65,66,67,68,73,77,81,82,83,89,91,95,96,97,98

05-01-2021 14:36:40.144
0; 4200.0; corect; 1,3,5,7,13,14,16,19,21,23,24,27,31,39,41,49,53,55,61,62,64,65,66,68,69,77,78,79,81,82,83,84,86,87,89,91,92,96,97,98,99,100
1; 9400.0; corect; 1,4,5,8,11,14,15,17,18,19,21,22,25,30,31,32,37,38,40,41,43,49,50,52,53,55,56,57,59,60,61,64,65,68,70,71,72,76,77,79,80,85,86,87,88,94,99
2; 12300.0; corect; 1,3,5,6,7,8,16,18,19,20,21,27,29,31,33,35,38,43,44,47,50,51,52,60,61,64,65,66,67,68,73,77,81,82,83,89,91,95,96,97,98

05-01-2021 14:36:45.144
0; 4200.0; corect; 1,3,5,7,13,14,16,19,21,23,24,27,31,39,41,49,53,55,61,62,64,65,66,68,69,77,78,79,81,82,83,84,86,87,89,91,92,96,97,98,99,100
1; 9400.0; corect; 1,4,5,8,11,14,15,17,18,19,21,22,25,30,31,32,37,38,40,41,43,49,50,52,53,55,56,57,59,60,61,64,65,68,70,71,72,76,77,79,80,85,86,87,88,94,99
2; 12900.0; corect; 1,3,5,6,7,8,16,18,19,20,21,27,29,31,33,35,38,40,43,44,47,50,51,52,57,60,61,64,65,66,67,68,73,77,81,82,83,89,91,95,96,97,98

05-01-2021 14:36:50.145
0; 4200.0; corect; 1,3,5,7,13,14,16,19,21,23,24,27,31,39,41,49,53,55,61,62,64,65,66,68,69,77,78,79,81,82,83,84,86,87,89,91,92,96,97,98,99,100
1; 9600.0; corect; 1,4,5,8,11,14,15,17,18,19,21,22,25,30,31,32,37,38,40,41,43,48,49,50,52,53,55,56,57,59,60,61,64,65,68,70,71,72,76,77,79,80,85,86,87,88,94,99
2; 13200.0; corect; 1,2,3,5,6,7,8,16,18,19,20,21,27,29,31,33,35,38,40,43,44,47,50,51,52,57,60,61,64,65,66,67,68,73,77,81,82,83,89,91,95,96,97,98

05-01-2021 14:36:55.144
0; 4300.0; corect; 1,3,5,7,13,14,16,19,20,21,23,24,27,31,39,41,49,53,55,61,62,64,65,66,68,69,77,78,79,81,82,83,84,86,87,89,91,92,96,97,98,99,100
1; 9600.0; corect; 1,4,5,8,11,14,15,17,18,19,21,22,25,30,31,32,37,38,40,41,43,48,49,50,52,53,55,56,57,59,60,61,64,65,68,70,71,72,76,77,79,80,85,86,87,88,94,99
2; 13800.0; corect; 1,2,3,5,6,7,8,11,16,18,19,20,21,27,29,31,33,35,38,40,43,44,47,50,51,52,57,60,61,62,64,65,66,67,68,73,77,81,82,83,89,91,95,96,97,98

05-01-2021 14:37:00.149
0; 4300.0; corect; 1,3,5,7,13,14,16,19,20,21,23,24,27,31,39,41,49,53,55,61,62,64,65,66,68,69,77,78,79,81,82,83,84,86,87,89,91,92,96,97,98,99,100
1; 11400.0; corect; 1,4,5,6,8,11,14,15,17,18,19,21,22,25,30,31,32,37,38,40,41,43,47,48,49,50,52,53,55,56,57,59,60,61,64,65,68,69,70,71,72,73,76,77,79,80,85,86,87,88,89,90,92,94,95,99,100
2; 14100.0; corect; 1,2,3,5,6,7,8,11,16,18,19,20,21,27,29,31,33,35,38,40,43,44,47,49,50,51,52,57,60,61,62,64,65,66,67,68,73,77,81,82,83,89,91,95,96,97,98

05-01-2021 14:37:05.145
0; 4300.0; corect; 1,3,5,7,13,14,16,19,20,21,23,24,27,31,39,41,49,53,55,61,62,64,65,66,68,69,77,78,79,81,82,83,84,86,87,89,91,92,96,97,98,99,100
1; 11400.0; corect; 1,4,5,6,8,11,14,15,17,18,19,21,22,25,30,31,32,37,38,40,41,43,47,48,49,50,52,53,55,56,57,59,60,61,64,65,68,69,70,71,72,73,76,77,79,80,85,86,87,88,89,90,92,94,95,99,100
2; 14100.0; corect; 1,2,3,5,6,7,8,11,16,18,19,20,21,27,29,31,33,35,38,40,43,44,47,49,50,51,52,57,60,61,62,64,65,66,67,68,73,77,81,82,83,89,91,95,96,97,98

05-01-2021 14:37:10.144
0; 4800.0; corect; 1,3,5,7,13,14,16,19,20,21,22,23,24,27,31,39,41,47,49,50,53,55,60,61,62,64,65,66,68,69,77,78,79,80,81,82,83,84,86,87,89,91,92,96,97,98,99,100
1; 11600.0; corect; 1,4,5,6,8,11,13,14,15,17,18,19,21,22,25,30,31,32,37,38,40,41,43,47,48,49,50,52,53,55,56,57,59,60,61,64,65,68,69,70,71,72,73,76,77,79,80,85,86,87,88,89,90,92,94,95,99,100
2; 14100.0; corect; 1,2,3,5,6,7,8,11,16,18,19,20,21,27,29,31,33,35,38,40,43,44,47,49,50,51,52,57,60,61,62,64,65,66,67,68,73,77,81,82,83,89,91,95,96,97,98

05-01-2021 14:37:15.144
0; 4800.0; corect; 1,3,5,7,13,14,16,19,20,21,22,23,24,27,31,39,41,47,49,50,53,55,60,61,62,64,65,66,68,69,77,78,79,80,81,82,83,84,86,87,89,91,92,96,97,98,99,100
1; 11800.0; corect; 1,4,5,6,8,11,13,14,15,17,18,19,21,22,24,25,30,31,32,37,38,40,41,43,47,48,49,50,52,53,55,56,57,59,60,61,64,65,68,69,70,71,72,73,76,77,79,80,85,86,87,88,89,90,92,94,95,99,100
2; 14100.0; corect; 1,2,3,5,6,7,8,11,16,18,19,20,21,27,29,31,33,35,38,40,43,44,47,49,50,51,52,57,60,61,62,64,65,66,67,68,73,77,81,82,83,89,91,95,96,97,98

05-01-2021 14:37:20.145
0; 4900.0; corect; 1,3,5,7,13,14,16,19,20,21,22,23,24,27,31,39,41,46,47,49,50,53,55,60,61,62,64,65,66,68,69,77,78,79,80,81,82,83,84,86,87,89,91,92,96,97,98,99,100
1; 12000.0; corect; 1,4,5,6,8,11,13,14,15,17,18,19,21,22,24,25,30,31,32,35,37,38,40,41,43,47,48,49,50,52,53,55,56,57,59,60,61,64,65,68,69,70,71,72,73,76,77,79,80,85,86,87,88,89,90,92,94,95,99,100
2; 15300.0; corect; 1,2,3,5,6,7,8,11,15,16,18,19,20,21,22,27,29,31,33,35,36,38,40,43,44,47,49,50,51,52,57,60,61,62,64,65,66,67,68,73,76,77,81,82,83,89,91,95,96,97,98

05-01-2021 14:37:25.143
0; 4900.0; corect; 1,3,5,7,13,14,16,19,20,21,22,23,24,27,31,39,41,46,47,49,50,53,55,60,61,62,64,65,66,68,69,77,78,79,80,81,82,83,84,86,87,89,91,92,96,97,98,99,100
1; 12000.0; corect; 1,4,5,6,8,11,13,14,15,17,18,19,21,22,24,25,30,31,32,35,37,38,40,41,43,47,48,49,50,52,53,55,56,57,59,60,61,64,65,68,69,70,71,72,73,76,77,79,80,85,86,87,88,89,90,92,94,95,99,100
2; 15300.0; corect; 1,2,3,5,6,7,8,11,15,16,18,19,20,21,22,27,29,31,33,35,36,38,40,43,44,47,49,50,51,52,57,60,61,62,64,65,66,67,68,73,76,77,81,82,83,89,91,95,96,97,98

05-01-2021 14:37:30.144
0; 5200.0; corect; 1,3,5,7,13,14,16,19,20,21,22,23,24,25,27,31,39,41,46,47,49,50,53,55,60,61,62,64,65,66,68,69,76,77,78,79,80,81,82,83,84,86,87,89,91,92,94,96,97,98,99,100
1; 12200.0; corect; 1,4,5,6,8,11,13,14,15,17,18,19,20,21,22,24,25,30,31,32,35,37,38,40,41,43,47,48,49,50,52,53,55,56,57,59,60,61,64,65,68,69,70,71,72,73,76,77,79,80,85,86,87,88,89,90,92,94,95,99,100
2; 15300.0; corect; 1,2,3,5,6,7,8,11,15,16,18,19,20,21,22,27,29,31,33,35,36,38,40,43,44,47,49,50,51,52,57,60,61,62,64,65,66,67,68,73,76,77,81,82,83,89,91,95,96,97,98

05-01-2021 14:37:35.144
0; 5200.0; corect; 1,3,5,7,13,14,16,19,20,21,22,23,24,25,27,31,39,41,46,47,49,50,53,55,60,61,62,64,65,66,68,69,76,77,78,79,80,81,82,83,84,86,87,89,91,92,94,96,97,98,99,100
1; 12200.0; corect; 1,4,5,6,8,11,13,14,15,17,18,19,20,21,22,24,25,30,31,32,35,37,38,40,41,43,47,48,49,50,52,53,55,56,57,59,60,61,64,65,68,69,70,71,72,73,76,77,79,80,85,86,87,88,89,90,92,94,95,99,100
2; 15600.0; corect; 1,2,3,5,6,7,8,11,15,16,18,19,20,21,22,27,28,29,31,33,35,36,38,40,43,44,47,49,50,51,52,57,60,61,62,64,65,66,67,68,73,76,77,81,82,83,89,91,95,96,97,98

05-01-2021 14:37:40.146
0; 5300.0; corect; 1,3,5,7,13,14,16,19,20,21,22,23,24,25,27,31,37,39,41,46,47,49,50,53,55,60,61,62,64,65,66,68,69,76,77,78,79,80,81,82,83,84,86,87,89,91,92,94,96,97,98,99,100
1; 12200.0; corect; 1,4,5,6,8,11,13,14,15,17,18,19,20,21,22,24,25,30,31,32,35,37,38,40,41,43,47,48,49,50,52,53,55,56,57,59,60,61,64,65,68,69,70,71,72,73,76,77,79,80,85,86,87,88,89,90,92,94,95,99,100
2; 15600.0; corect; 1,2,3,5,6,7,8,11,15,16,18,19,20,21,22,27,28,29,31,33,35,36,38,40,43,44,47,49,50,51,52,57,60,61,62,64,65,66,67,68,73,76,77,81,82,83,89,91,95,96,97,98

05-01-2021 14:37:45.145
0; 5300.0; corect; 1,3,5,7,13,14,16,19,20,21,22,23,24,25,27,31,37,39,41,46,47,49,50,53,55,60,61,62,64,65,66,68,69,76,77,78,79,80,81,82,83,84,86,87,89,91,92,94,96,97,98,99,100
1; 12400.0; corect; 1,4,5,6,7,8,11,13,14,15,17,18,19,20,21,22,24,25,30,31,32,35,37,38,40,41,43,47,48,49,50,52,53,55,56,57,59,60,61,64,65,68,69,70,71,72,73,76,77,79,80,85,86,87,88,89,90,92,94,95,99,100
2; 16200.0; gresit; 1,2,3,5,6,7,8,11,15,16,18,19,20,21,22,27,28,29,31,33,35,36,38,40,41,43,44,47,49,50,51,52,57,60,61,62,64,65,66,67,68,73,76,77,81,82,83,84,89,91,95,96,97,98

05-01-2021 14:37:50.144
0; 5300.0; corect; 1,3,5,7,13,14,16,19,20,21,22,23,24,25,27,31,37,39,41,46,47,49,50,53,55,60,61,62,64,65,66,68,69,76,77,78,79,80,81,82,83,84,86,87,89,91,92,94,96,97,98,99,100
1; 13200.0; corect; 1,4,5,6,7,8,9,11,13,14,15,17,18,19,20,21,22,24,25,30,31,32,33,35,37,38,40,41,43,47,48,49,50,52,53,55,56,57,59,60,61,64,65,67,68,69,70,71,72,73,75,76,77,79,80,85,86,87,88,89,90,92,94,95,99,100
2; 18300.0; corect; 1,2,3,5,6,7,8,11,15,16,18,19,20,21,22,24,27,28,29,31,33,35,36,38,40,41,43,44,45,47,49,50,51,52,57,58,60,61,62,64,65,66,67,68,72,73,74,76,77,78,81,82,83,84,89,91,95,96,97,98,100

05-01-2021 14:37:55.145
0; 5500.0; gresit; 1,3,4,5,7,13,14,16,19,20,21,22,23,24,25,27,31,37,39,41,46,47,49,50,53,55,60,61,62,64,65,66,67,68,69,76,77,78,79,80,81,82,83,84,86,87,89,91,92,94,96,97,98,99,100
1; 13200.0; corect; 1,4,5,6,7,8,9,11,13,14,15,17,18,19,20,21,22,24,25,30,31,32,33,35,37,38,40,41,43,47,48,49,50,52,53,55,56,57,59,60,61,64,65,67,68,69,70,71,72,73,75,76,77,79,80,85,86,87,88,89,90,92,94,95,99,100
2; 18300.0; corect; 1,2,3,5,6,7,8,11,15,16,18,19,20,21,22,24,27,28,29,31,33,35,36,38,40,41,43,44,45,47,49,50,51,52,57,58,60,61,62,64,65,66,67,68,72,73,74,76,77,78,81,82,83,84,89,91,95,96,97,98,100

05-01-2021 14:38:00.144
0; 5900.0; corect; 1,3,4,5,7,13,14,16,19,20,21,22,23,24,25,27,31,37,39,41,46,47,48,49,50,52,53,55,60,61,62,64,65,66,67,68,69,71,76,77,78,79,80,81,82,83,84,86,87,88,89,91,92,94,96,97,98,99,100
1; 13800.0; corect; 1,4,5,6,7,8,9,11,13,14,15,17,18,19,20,21,22,24,25,30,31,32,33,35,37,38,40,41,42,43,44,47,48,49,50,52,53,55,56,57,59,60,61,64,65,67,68,69,70,71,72,73,75,76,77,78,79,80,85,86,87,88,89,90,92,94,95,99,100
2; 18300.0; corect; 1,2,3,5,6,7,8,11,15,16,18,19,20,21,22,24,27,28,29,31,33,35,36,38,40,41,43,44,45,47,49,50,51,52,57,58,60,61,62,64,65,66,67,68,72,73,74,76,77,78,81,82,83,84,89,91,95,96,97,98,100

05-01-2021 14:38:05.144
0; 5900.0; corect; 1,3,4,5,7,13,14,16,19,20,21,22,23,24,25,27,31,37,39,41,46,47,48,49,50,52,53,55,60,61,62,64,65,66,67,68,69,71,76,77,78,79,80,81,82,83,84,86,87,88,89,91,92,94,96,97,98,99,100
1; 13800.0; corect; 1,4,5,6,7,8,9,11,13,14,15,17,18,19,20,21,22,24,25,30,31,32,33,35,37,38,40,41,42,43,44,47,48,49,50,52,53,55,56,57,59,60,61,64,65,67,68,69,70,71,72,73,75,76,77,78,79,80,85,86,87,88,89,90,92,94,95,99,100
2; 18600.0; corect; 1,2,3,5,6,7,8,11,15,16,18,19,20,21,22,24,27,28,29,31,33,34,35,36,38,40,41,43,44,45,47,49,50,51,52,57,58,60,61,62,64,65,66,67,68,72,73,74,76,77,78,81,82,83,84,89,91,95,96,97,98,100

05-01-2021 14:38:10.145
0; 5900.0; corect; 1,3,4,5,7,13,14,16,19,20,21,22,23,24,25,27,31,37,39,41,46,47,48,49,50,52,53,55,60,61,62,64,65,66,67,68,69,71,76,77,78,79,80,81,82,83,84,86,87,88,89,91,92,94,96,97,98,99,100
1; 13800.0; corect; 1,4,5,6,7,8,9,11,13,14,15,17,18,19,20,21,22,24,25,30,31,32,33,35,37,38,40,41,42,43,44,47,48,49,50,52,53,55,56,57,59,60,61,64,65,67,68,69,70,71,72,73,75,76,77,78,79,80,85,86,87,88,89,90,92,94,95,99,100
2; 18600.0; corect; 1,2,3,5,6,7,8,11,15,16,18,19,20,21,22,24,27,28,29,31,33,34,35,36,38,40,41,43,44,45,47,49,50,51,52,57,58,60,61,62,64,65,66,67,68,72,73,74,76,77,78,81,82,83,84,89,91,95,96,97,98,100

05-01-2021 14:38:15.145
0; 5900.0; corect; 1,3,4,5,7,13,14,16,19,20,21,22,23,24,25,27,31,37,39,41,46,47,48,49,50,52,53,55,60,61,62,64,65,66,67,68,69,71,76,77,78,79,80,81,82,83,84,86,87,88,89,91,92,94,96,97,98,99,100
1; 13800.0; corect; 1,4,5,6,7,8,9,11,13,14,15,17,18,19,20,21,22,24,25,30,31,32,33,35,37,38,40,41,42,43,44,47,48,49,50,52,53,55,56,57,59,60,61,64,65,67,68,69,70,71,72,73,75,76,77,78,79,80,85,86,87,88,89,90,92,94,95,99,100
2; 18600.0; corect; 1,2,3,5,6,7,8,11,15,16,18,19,20,21,22,24,27,28,29,31,33,34,35,36,38,40,41,43,44,45,47,49,50,51,52,57,58,60,61,62,64,65,66,67,68,72,73,74,76,77,78,81,82,83,84,89,91,95,96,97,98,100



Vanzari esuate:
2; 05-01-2021 14:36:17.152; 3
48,19,75
900.0
1; 05-01-2021 14:36:17.152; 4
30,52,94,72
800.0
0; 05-01-2021 14:36:19.147; 3
60,27,21
300.0
1; 05-01-2021 14:36:19.147; 10
20,40,18,17,1,33,32,7,71,28
2000.0
0; 05-01-2021 14:36:19.147; 8
23,92,81,43,34,36,26,49
800.0
1; 05-01-2021 14:36:19.148; 7
2,37,62,66,34,31,90
1400.0
1; 05-01-2021 14:36:19.148; 3
26,99,71
600.0
2; 05-01-2021 14:36:21.145; 9
1,15,87,73,97,21,65,99,60
2700.0
0; 05-01-2021 14:36:21.145; 4
89,58,62,95
400.0
1; 05-01-2021 14:36:21.145; 5
45,18,75,55,63
1000.0
1; 05-01-2021 14:36:21.145; 7
20,59,76,83,64,95,41
1400.0
1; 05-01-2021 14:36:21.146; 10
45,35,4,16,91,70,27,22,82,44
2000.0
0; 05-01-2021 14:36:21.146; 5
44,28,65,85,43
500.0
0; 05-01-2021 14:36:21.146; 10
84,41,100,73,63,33,40,89,87,27
1000.0
0; 05-01-2021 14:36:23.146; 10
84,35,99,70,65,59,63,85,36,60
1000.0
2; 05-01-2021 14:36:23.146; 10
83,4,19,74,85,50,44,54,100,64
3000.0
0; 05-01-2021 14:36:23.146; 9
53,18,46,86,14,34,19,33,62
900.0
2; 05-01-2021 14:36:23.146; 3
87,33,24
900.0
0; 05-01-2021 14:36:23.146; 2
31,69
200.0
2; 05-01-2021 14:36:23.147; 7
28,12,88,98,27,54,77
2100.0
2; 05-01-2021 14:36:23.147; 5
60,17,20,69,65
1500.0
0; 05-01-2021 14:36:25.145; 9
97,41,57,18,75,66,95,87,99
900.0
1; 05-01-2021 14:36:25.145; 8
43,91,3,7,2,84,98,18
1600.0
2; 05-01-2021 14:36:25.145; 10
7,56,40,72,10,79,15,25,53,82
3000.0
0; 05-01-2021 14:36:25.147; 3
47,92,96
300.0
1; 05-01-2021 14:36:25.193; 10
72,93,14,73,76,23,30,64,13,69
2000.0
1; 05-01-2021 14:36:25.193; 10
47,43,17,80,87,15,95,10,30,50
2000.0
0; 05-01-2021 14:36:27.147; 2
37,24
200.0
1; 05-01-2021 14:36:27.147; 7
68,1,52,26,75,90,76
1400.0
2; 05-01-2021 14:36:27.147; 5
34,97,49,35,87
1500.0
1; 05-01-2021 14:36:27.147; 7
7,60,91,29,78,20,14
1400.0
0; 05-01-2021 14:36:27.147; 6
87,59,50,71,48,80
600.0
1; 05-01-2021 14:36:27.147; 3
74,93,72
600.0
2; 05-01-2021 14:36:27.147; 10
2,99,93,48,39,8,20,74,17,69
3000.0
1; 05-01-2021 14:36:27.147; 8
87,50,62,92,19,70,45,13
1600.0
2; 05-01-2021 14:36:29.145; 3
98,34,8
900.0
2; 05-01-2021 14:36:29.145; 8
40,21,81,76,65,75,13,80
2400.0
2; 05-01-2021 14:36:29.145; 4
14,43,82,67
1200.0
2; 05-01-2021 14:36:29.146; 6
62,84,47,2,73,59
1800.0
2; 05-01-2021 14:36:29.146; 4
91,31,30,100
1200.0
2; 05-01-2021 14:36:29.146; 6
38,49,66,64,96,89
1800.0
1; 05-01-2021 14:36:29.146; 6
47,62,1,70,34,85
1200.0
0; 05-01-2021 14:36:29.146; 5
87,49,12,29,37
500.0
0; 05-01-2021 14:36:29.146; 6
46,6,95,18,86,45
600.0
0; 05-01-2021 14:36:31.145; 2
89,96
200.0
1; 05-01-2021 14:36:31.145; 8
17,51,47,35,87,77,30,70
1600.0
0; 05-01-2021 14:36:31.145; 7
17,90,24,5,64,21,31
700.0
1; 05-01-2021 14:36:31.145; 3
35,93,52
600.0
2; 05-01-2021 14:36:31.146; 3
27,90,67
900.0
0; 05-01-2021 14:36:31.146; 4
91,19,100,47
400.0
0; 05-01-2021 14:36:31.146; 6
49,94,9,50,57,20
600.0
1; 05-01-2021 14:36:33.145; 7
64,11,92,42,37,85,90
1400.0
2; 05-01-2021 14:36:33.145; 6
81,44,67,71,99,14
1800.0
1; 05-01-2021 14:36:33.145; 5
48,29,21,65,77
1000.0
0; 05-01-2021 14:36:33.145; 8
56,29,72,46,55,26,39,22
800.0
2; 05-01-2021 14:36:33.145; 6
11,25,2,27,79,98
1800.0
1; 05-01-2021 14:36:33.145; 4
21,88,62,86
800.0
0; 05-01-2021 14:36:33.145; 10
64,9,46,20,29,5,56,92,85,79
1000.0
0; 05-01-2021 14:36:33.145; 4
67,17,9,53
400.0
1; 05-01-2021 14:36:33.146; 4
84,25,33,55
800.0
0; 05-01-2021 14:36:33.146; 9
6,49,83,58,69,35,80,75,30
900.0
2; 05-01-2021 14:36:35.145; 1
33
300.0
1; 05-01-2021 14:36:35.145; 2
30,62
400.0
2; 05-01-2021 14:36:35.145; 10
31,60,74,98,11,86,36,100,88,32
3000.0
2; 05-01-2021 14:36:35.147; 2
82,49
600.0
0; 05-01-2021 14:36:35.147; 1
16
100.0
0; 05-01-2021 14:36:35.151; 4
60,62,40,12
400.0
1; 05-01-2021 14:36:35.151; 6
2,80,63,25,69,35
1200.0
0; 05-01-2021 14:36:37.145; 10
23,51,6,12,100,59,4,21,36,18
1000.0
0; 05-01-2021 14:36:37.145; 3
3,92,58
300.0
0; 05-01-2021 14:36:37.145; 4
64,62,88,11
400.0
0; 05-01-2021 14:36:37.145; 6
5,76,37,25,79,94
600.0
2; 05-01-2021 14:36:37.146; 5
48,39,20,22,25
1500.0
1; 05-01-2021 14:36:37.146; 2
26,41
400.0
1; 05-01-2021 14:36:37.146; 9
19,48,85,38,54,29,11,18,14
1800.0
2; 05-01-2021 14:36:37.146; 1
31
300.0
0; 05-01-2021 14:36:39.145; 4
31,68,3,49
400.0
0; 05-01-2021 14:36:39.145; 6
38,65,56,84,24,57
600.0
1; 05-01-2021 14:36:39.145; 2
99,65
400.0
1; 05-01-2021 14:36:39.145; 9
31,65,32,58,22,62,30,51,83
1800.0
0; 05-01-2021 14:36:39.145; 7
10,65,68,89,9,40,97
700.0
2; 05-01-2021 14:36:39.146; 1
61
300.0
1; 05-01-2021 14:36:39.146; 9
80,96,79,22,26,84,64,1,18
1800.0
0; 05-01-2021 14:36:39.146; 2
62,89
200.0
2; 05-01-2021 14:36:41.145; 2
15,91
600.0
0; 05-01-2021 14:36:41.145; 2
55,30
200.0
2; 05-01-2021 14:36:41.145; 9
60,5,86,61,70,13,76,14,11
2700.0
1; 05-01-2021 14:36:41.145; 1
25
200.0
0; 05-01-2021 14:36:41.147; 1
13
100.0
0; 05-01-2021 14:36:41.147; 6
61,72,3,36,98,13
600.0
1; 05-01-2021 14:36:41.147; 9
35,38,99,71,96,26,15,80,83
1800.0
1; 05-01-2021 14:36:41.147; 5
22,4,2,18,46
1000.0
0; 05-01-2021 14:36:41.147; 9
80,26,95,60,46,39,90,57,37
900.0
1; 05-01-2021 14:36:41.147; 7
83,66,69,64,39,6,1
1400.0
0; 05-01-2021 14:36:43.146; 3
99,57,61
300.0
1; 05-01-2021 14:36:43.146; 5
29,23,1,99,95
1000.0
2; 05-01-2021 14:36:43.146; 7
37,4,96,34,85,10,38
2100.0
2; 05-01-2021 14:36:43.146; 5
28,15,17,20,96
1500.0
1; 05-01-2021 14:36:43.146; 8
34,73,96,33,27,3,19,71
1600.0
1; 05-01-2021 14:36:43.146; 5
91,88,38,94,85
1000.0
0; 05-01-2021 14:36:43.146; 1
21
100.0
1; 05-01-2021 14:36:43.146; 7
40,33,5,26,39,32,80
1400.0
1; 05-01-2021 14:36:43.146; 8
34,36,71,13,97,54,55,28
1600.0
1; 05-01-2021 14:36:45.146; 3
51,88,26
600.0
0; 05-01-2021 14:36:45.146; 10
89,51,63,13,56,70,99,28,65,49
1000.0
1; 05-01-2021 14:36:45.146; 2
8,29
400.0
1; 05-01-2021 14:36:45.146; 8
68,30,95,54,67,48,72,42
1600.0
1; 05-01-2021 14:36:45.146; 4
28,48,71,81
800.0
1; 05-01-2021 14:36:45.146; 2
94,27
400.0
2; 05-01-2021 14:36:45.146; 4
9,78,24,91
1200.0
1; 05-01-2021 14:36:45.146; 6
78,74,99,1,26,38
1200.0
2; 05-01-2021 14:36:45.146; 1
77
300.0
0; 05-01-2021 14:36:47.145; 3
78,80,89
300.0
1; 05-01-2021 14:36:47.145; 6
83,32,91,11,90,93
1200.0
1; 05-01-2021 14:36:47.145; 4
1,26,55,37
800.0
0; 05-01-2021 14:36:47.145; 4
79,50,7,18
400.0
1; 05-01-2021 14:36:47.145; 4
28,22,48,7
800.0
1; 05-01-2021 14:36:47.145; 3
19,45,85
600.0
2; 05-01-2021 14:36:47.145; 8
24,63,54,61,68,57,97,78
2400.0
1; 05-01-2021 14:36:47.146; 10
5,37,77,67,94,87,58,25,9,83
2000.0
1; 05-01-2021 14:36:47.146; 9
7,34,85,5,78,19,52,66,59
1800.0
1; 05-01-2021 14:36:49.145; 10
85,88,89,83,41,49,37,53,87,51
2000.0
1; 05-01-2021 14:36:49.145; 10
10,32,89,78,14,65,30,56,24,38
2000.0
0; 05-01-2021 14:36:49.145; 9
6,30,63,33,90,95,88,78,9
900.0
2; 05-01-2021 14:36:49.145; 9
57,67,17,71,10,23,51,73,88
2700.0
0; 05-01-2021 14:36:49.146; 8
68,79,43,86,8,63,75,55
800.0
1; 05-01-2021 14:36:49.146; 10
43,82,2,94,27,42,49,78,54,77
2000.0
2; 05-01-2021 14:36:49.146; 4
90,8,28,47
1200.0
2; 05-01-2021 14:36:49.146; 8
5,50,94,33,83,66,53,16
2400.0
0; 05-01-2021 14:36:49.146; 4
38,27,62,42
400.0
0; 05-01-2021 14:36:49.146; 9
10,20,56,28,78,85,91,90,71
900.0
1; 05-01-2021 14:36:51.145; 10
67,27,3,31,21,66,41,70,77,45
2000.0
0; 05-01-2021 14:36:51.145; 7
62,30,28,14,65,46,70
700.0
2; 05-01-2021 14:36:51.145; 4
48,3,73,99
1200.0
2; 05-01-2021 14:36:51.145; 8
21,13,4,5,49,88,67,36
2400.0
2; 05-01-2021 14:36:51.145; 9
26,55,42,77,52,62,15,56,73
2700.0
1; 05-01-2021 14:36:51.145; 3
18,67,27
600.0
0; 05-01-2021 14:36:51.146; 8
56,15,40,5,41,68,12,45
800.0
1; 05-01-2021 14:36:51.146; 2
21,95
400.0
0; 05-01-2021 14:36:53.145; 9
12,100,86,49,29,53,36,59,55
900.0
2; 05-01-2021 14:36:53.145; 9
18,62,61,53,11,86,72,67,58
2700.0
1; 05-01-2021 14:36:53.145; 3
30,13,95
600.0
0; 05-01-2021 14:36:53.145; 7
46,41,81,5,76,55,39
700.0
2; 05-01-2021 14:36:53.147; 3
26,98,96
900.0
1; 05-01-2021 14:36:53.147; 2
62,77
400.0
2; 05-01-2021 14:36:53.147; 6
91,17,22,64,52,86
1800.0
1; 05-01-2021 14:36:53.147; 4
9,1,76,84
800.0
0; 05-01-2021 14:36:53.147; 8
2,1,61,84,54,41,83,40
800.0
2; 05-01-2021 14:36:55.146; 2
81,44
600.0
2; 05-01-2021 14:36:55.146; 10
40,27,18,68,1,97,14,60,3,51
3000.0
2; 05-01-2021 14:36:55.146; 7
52,81,47,41,66,16,8
2100.0
2; 05-01-2021 14:36:55.146; 4
11,89,33,75
1200.0
1; 05-01-2021 14:36:55.146; 9
44,26,52,21,71,37,63,28,10
1800.0
0; 05-01-2021 14:36:55.147; 2
10,89
200.0
1; 05-01-2021 14:36:55.147; 10
28,93,16,2,54,100,78,39,40,64
2000.0
1; 05-01-2021 14:36:55.147; 10
97,82,2,22,67,47,7,21,65,17
2000.0
0; 05-01-2021 14:36:55.147; 7
14,86,66,49,98,64,97
700.0
2; 05-01-2021 14:36:57.146; 7
75,68,33,96,35,87,65
2100.0
1; 05-01-2021 14:36:57.146; 8
16,81,90,3,11,5,33,52
1600.0
2; 05-01-2021 14:36:57.146; 8
40,75,1,29,48,45,55,97
2400.0
2; 05-01-2021 14:36:57.146; 6
37,32,10,60,99,97
1800.0
2; 05-01-2021 14:36:57.146; 1
31
300.0
1; 05-01-2021 14:36:57.148; 7
13,14,10,2,60,22,69
1400.0
0; 05-01-2021 14:36:57.148; 5
62,21,96,98,56
500.0
1; 05-01-2021 14:36:57.148; 5
81,58,9,40,42
1000.0
2; 05-01-2021 14:36:59.145; 5
3,64,70,40,81
1500.0
1; 05-01-2021 14:36:59.145; 2
71,8
400.0
0; 05-01-2021 14:36:59.145; 3
22,5,85
300.0
1; 05-01-2021 14:36:59.145; 9
35,74,23,60,89,13,21,53,75
1800.0
0; 05-01-2021 14:36:59.147; 9
99,95,7,66,69,20,67,71,46
900.0
0; 05-01-2021 14:36:59.147; 8
84,44,5,38,37,20,41,64
800.0
2; 05-01-2021 14:36:59.147; 6
84,82,96,76,28,24
1800.0
0; 05-01-2021 14:36:59.147; 9
82,11,31,84,52,38,85,46,3
900.0
2; 05-01-2021 14:36:59.147; 9
66,14,41,15,92,94,90,53,49
2700.0
1; 05-01-2021 14:37:01.145; 3
95,96,85
600.0
0; 05-01-2021 14:37:01.145; 10
70,47,6,75,64,5,98,69,66,20
1000.0
0; 05-01-2021 14:37:01.145; 7
58,30,49,35,76,21,40
700.0
2; 05-01-2021 14:37:01.145; 6
26,36,78,35,9,7
1800.0
0; 05-01-2021 14:37:01.147; 8
73,22,38,18,60,84,9,64
800.0
1; 05-01-2021 14:37:01.147; 8
22,28,12,67,1,96,59,79
1600.0
0; 05-01-2021 14:37:01.147; 8
23,75,86,35,64,41,20,89
800.0
1; 05-01-2021 14:37:01.147; 5
30,55,74,64,34
1000.0
2; 05-01-2021 14:37:01.147; 6
24,57,38,84,9,45
1800.0
2; 05-01-2021 14:37:01.147; 6
82,60,48,46,6,34
1800.0
0; 05-01-2021 14:37:03.145; 6
84,21,6,78,45,81
600.0
2; 05-01-2021 14:37:03.145; 10
13,58,99,19,91,24,47,75,60,34
3000.0
1; 05-01-2021 14:37:03.145; 9
37,86,39,78,51,8,83,68,76
1800.0
1; 05-01-2021 14:37:03.145; 5
36,91,78,10,37
1000.0
1; 05-01-2021 14:37:03.147; 6
71,52,32,50,62,2
1200.0
2; 05-01-2021 14:37:03.147; 10
98,9,76,38,34,20,33,68,72,22
3000.0
0; 05-01-2021 14:37:03.147; 5
85,46,81,68,91
500.0
2; 05-01-2021 14:37:03.147; 4
84,87,1,100
1200.0
1; 05-01-2021 14:37:03.147; 1
21
200.0
0; 05-01-2021 14:37:03.147; 3
68,76,44
300.0
2; 05-01-2021 14:37:05.145; 3
42,77,57
900.0
0; 05-01-2021 14:37:05.145; 2
99,43
200.0
1; 05-01-2021 14:37:05.145; 5
56,61,40,48,78
1000.0
0; 05-01-2021 14:37:05.146; 5
1,26,14,64,45
500.0
2; 05-01-2021 14:37:05.146; 5
3,28,58,51,17
1500.0
0; 05-01-2021 14:37:05.146; 6
60,1,74,41,86,46
600.0
0; 05-01-2021 14:37:05.147; 3
88,16,91
300.0
1; 05-01-2021 14:37:05.147; 6
14,53,83,52,63,86
1200.0
2; 05-01-2021 14:37:05.147; 9
8,74,80,29,72,77,82,36,43
2700.0
0; 05-01-2021 14:37:07.145; 3
86,8,50
300.0
2; 05-01-2021 14:37:07.145; 2
92,49
600.0
0; 05-01-2021 14:37:07.145; 9
35,79,96,48,18,74,16,73,100
900.0
2; 05-01-2021 14:37:07.145; 3
45,36,38
900.0
0; 05-01-2021 14:37:07.146; 2
14,15
200.0
2; 05-01-2021 14:37:07.146; 1
5
300.0
0; 05-01-2021 14:37:07.146; 9
71,20,61,21,63,44,88,66,5
900.0
1; 05-01-2021 14:37:07.146; 10
65,33,67,43,61,64,100,41,21,2
2000.0
2; 05-01-2021 14:37:07.146; 9
59,63,13,49,68,36,9,83,48
2700.0
1; 05-01-2021 14:37:07.146; 3
77,97,54
600.0
2; 05-01-2021 14:37:09.146; 6
24,82,23,7,35,32
1800.0
0; 05-01-2021 14:37:09.146; 5
2,50,87,72,43
500.0
1; 05-01-2021 14:37:09.146; 8
48,53,66,42,9,74,19,16
1600.0
0; 05-01-2021 14:37:09.146; 1
24
100.0
1; 05-01-2021 14:37:09.146; 2
1,85
400.0
2; 05-01-2021 14:37:09.146; 6
98,23,12,13,49,73
1800.0
0; 05-01-2021 14:37:09.146; 9
86,35,34,30,100,52,47,93,79
900.0
2; 05-01-2021 14:37:09.146; 10
81,43,89,68,30,21,75,83,40,84
3000.0
0; 05-01-2021 14:37:09.146; 8
74,26,87,72,68,79,67,19
800.0
0; 05-01-2021 14:37:11.146; 8
93,30,71,20,3,88,6,96
800.0
2; 05-01-2021 14:37:11.146; 9
36,89,29,51,50,90,22,20,93
2700.0
1; 05-01-2021 14:37:11.146; 10
9,13,43,36,6,87,42,38,94,68
2000.0
0; 05-01-2021 14:37:11.146; 4
52,51,93,22
400.0
1; 05-01-2021 14:37:11.146; 4
41,59,57,46
800.0
2; 05-01-2021 14:37:11.146; 7
40,4,56,27,6,34,64
2100.0
1; 05-01-2021 14:37:11.146; 10
18,91,58,41,83,90,14,11,52,37
2000.0
2; 05-01-2021 14:37:11.147; 8
31,86,4,35,69,70,89,64
2400.0
1; 05-01-2021 14:37:11.147; 4
46,58,84,17
800.0
1; 05-01-2021 14:37:11.147; 6
38,44,3,2,99,60
1200.0
1; 05-01-2021 14:37:13.145; 4
40,87,19,38
800.0
0; 05-01-2021 14:37:13.145; 5
40,99,32,93,98
500.0
0; 05-01-2021 14:37:13.146; 5
74,27,84,8,20
500.0
0; 05-01-2021 14:37:13.146; 8
41,46,55,47,81,88,56,21
800.0
0; 05-01-2021 14:37:13.146; 9
16,47,83,86,44,93,84,6,21
900.0
2; 05-01-2021 14:37:13.146; 8
78,94,79,11,17,62,25,21
2400.0
2; 05-01-2021 14:37:13.148; 7
59,94,27,97,38,75,90
2100.0
0; 05-01-2021 14:37:13.148; 10
92,84,22,39,66,8,38,78,83,93
1000.0
0; 05-01-2021 14:37:13.148; 9
81,34,53,56,5,88,51,27,16
900.0
0; 05-01-2021 14:37:15.144; 10
52,16,36,5,62,2,88,43,20,17
1000.0
2; 05-01-2021 14:37:15.144; 3
46,7,59
900.0
0; 05-01-2021 14:37:15.144; 3
55,81,76
300.0
1; 05-01-2021 14:37:15.144; 2
92,84
400.0
1; 05-01-2021 14:37:15.146; 2
56,40
400.0
1; 05-01-2021 14:37:15.146; 1
94
200.0
0; 05-01-2021 14:37:15.146; 7
1,19,36,12,59,79,32
700.0
1; 05-01-2021 14:37:15.146; 4
48,73,92,59
800.0
1; 05-01-2021 14:37:15.146; 2
53,39
400.0
1; 05-01-2021 14:37:17.145; 5
68,54,37,72,51
1000.0
0; 05-01-2021 14:37:17.145; 3
30,49,34
300.0
2; 05-01-2021 14:37:17.145; 10
72,76,15,91,38,54,99,7,58,4
3000.0
2; 05-01-2021 14:37:17.146; 2
27,99
600.0
1; 05-01-2021 14:37:17.146; 6
37,77,83,96,93,26
1200.0
2; 05-01-2021 14:37:17.147; 6
71,94,13,85,8,69
1800.0
2; 05-01-2021 14:37:17.147; 3
27,90,75
900.0
1; 05-01-2021 14:37:17.147; 9
10,35,89,81,27,29,95,61,87
1800.0
0; 05-01-2021 14:37:19.146; 8
64,31,50,6,7,17,19,18
800.0
0; 05-01-2021 14:37:19.146; 3
61,22,36
300.0
1; 05-01-2021 14:37:19.146; 5
23,19,75,72,1
1000.0
1; 05-01-2021 14:37:19.146; 5
26,86,94,84,1
1000.0
1; 05-01-2021 14:37:19.146; 1
41
200.0
1; 05-01-2021 14:37:19.146; 4
1,54,3,28
800.0
2; 05-01-2021 14:37:19.146; 6
66,9,8,53,91,68
1800.0
1; 05-01-2021 14:37:19.146; 7
62,4,52,17,85,46,42
1400.0
1; 05-01-2021 14:37:19.146; 6
15,46,70,28,10,55
1200.0
1; 05-01-2021 14:37:19.146; 4
52,54,17,40
800.0
2; 05-01-2021 14:37:21.146; 3
50,40,94
900.0
1; 05-01-2021 14:37:21.146; 7
24,45,15,34,93,55,58
1400.0
2; 05-01-2021 14:37:21.146; 1
50
300.0
1; 05-01-2021 14:37:21.146; 2
41,44
400.0
1; 05-01-2021 14:37:21.146; 2
3,35
400.0
2; 05-01-2021 14:37:21.146; 4
1,100,36,73
1200.0
0; 05-01-2021 14:37:21.146; 7
93,99,35,47,24,27,62
700.0
1; 05-01-2021 14:37:21.146; 3
44,78,55
600.0
1; 05-01-2021 14:37:21.146; 8
55,67,92,63,7,40,4,74
1600.0
1; 05-01-2021 14:37:21.146; 6
15,57,3,59,97,37
1200.0
2; 05-01-2021 14:37:23.145; 7
21,45,41,85,26,12,73
2100.0
1; 05-01-2021 14:37:23.145; 6
91,19,34,60,57,54
1200.0
0; 05-01-2021 14:37:23.145; 2
100,17
200.0
2; 05-01-2021 14:37:23.145; 9
78,85,39,32,100,49,40,74,12
2700.0
0; 05-01-2021 14:37:23.147; 8
72,62,59,53,35,55,37,56
800.0
2; 05-01-2021 14:37:23.147; 2
45,43
600.0
1; 05-01-2021 14:37:23.147; 1
94
200.0
1; 05-01-2021 14:37:23.147; 5
61,28,45,23,93
1000.0
1; 05-01-2021 14:37:23.147; 2
31,92
400.0
2; 05-01-2021 14:37:23.147; 10
8,92,66,51,22,81,93,44,47,43
3000.0
0; 05-01-2021 14:37:25.145; 8
8,21,26,76,2,6,79,59
800.0
1; 05-01-2021 14:37:25.145; 4
82,99,34,57
800.0
1; 05-01-2021 14:37:25.145; 4
46,69,40,76
800.0
2; 05-01-2021 14:37:25.145; 6
84,82,14,11,31,2
1800.0
1; 05-01-2021 14:37:25.145; 4
23,56,38,66
800.0
1; 05-01-2021 14:37:25.146; 2
35,44
400.0
1; 05-01-2021 14:37:25.146; 8
51,95,57,44,42,32,46,80
1600.0
1; 05-01-2021 14:37:25.146; 3
33,69,29
600.0
2; 05-01-2021 14:37:27.146; 9
63,41,18,66,13,19,52,38,49
2700.0
0; 05-01-2021 14:37:27.146; 4
29,31,41,100
400.0
1; 05-01-2021 14:37:27.146; 4
14,52,63,10
800.0
1; 05-01-2021 14:37:27.146; 10
9,38,64,62,2,7,21,24,95,70
2000.0
0; 05-01-2021 14:37:27.146; 8
56,78,100,77,5,79,67,30
800.0
2; 05-01-2021 14:37:27.146; 1
62
300.0
1; 05-01-2021 14:37:27.146; 8
46,70,95,8,19,41,100,5
1600.0
2; 05-01-2021 14:37:27.146; 6
57,81,8,52,98,16
1800.0
1; 05-01-2021 14:37:27.146; 10
33,15,62,24,65,94,57,25,18,70
2000.0
0; 05-01-2021 14:37:27.146; 3
69,3,20
300.0
2; 05-01-2021 14:37:29.146; 5
47,25,13,58,4
1500.0
1; 05-01-2021 14:37:29.146; 5
43,84,61,10,41
1000.0
2; 05-01-2021 14:37:29.146; 3
90,57,100
900.0
2; 05-01-2021 14:37:29.146; 8
27,90,53,93,30,96,73,18
2400.0
0; 05-01-2021 14:37:29.146; 3
68,82,51
300.0
2; 05-01-2021 14:37:29.146; 8
77,87,71,27,97,96,35,19
2400.0
1; 05-01-2021 14:37:29.146; 4
92,86,49,93
800.0
0; 05-01-2021 14:37:29.146; 6
37,100,26,12,79,19
600.0
1; 05-01-2021 14:37:29.146; 5
11,99,87,61,76
1000.0
0; 05-01-2021 14:37:29.146; 1
13
100.0
0; 05-01-2021 14:37:31.145; 4
43,15,48,64
400.0
1; 05-01-2021 14:37:31.145; 4
11,98,69,56
800.0
1; 05-01-2021 14:37:31.145; 9
94,73,61,89,7,72,4,76,51
1800.0
1; 05-01-2021 14:37:31.145; 4
13,65,7,29
800.0
2; 05-01-2021 14:37:31.147; 8
12,13,62,90,68,81,60,39
2400.0
1; 05-01-2021 14:37:31.147; 7
73,91,22,49,13,78,51
1400.0
0; 05-01-2021 14:37:31.147; 5
39,96,2,70,4
500.0
0; 05-01-2021 14:37:31.147; 6
33,44,50,5,14,19
600.0
0; 05-01-2021 14:37:31.147; 4
30,98,6,17
400.0
0; 05-01-2021 14:37:31.147; 5
26,51,83,82,43
500.0
0; 05-01-2021 14:37:33.145; 9
44,20,7,17,60,27,68,29,67
900.0
2; 05-01-2021 14:37:33.145; 6
6,25,38,5,73,68
1800.0
1; 05-01-2021 14:37:33.145; 5
21,35,40,11,82
1000.0
2; 05-01-2021 14:37:33.145; 8
97,99,96,41,80,98,84,55
2400.0
2; 05-01-2021 14:37:33.145; 6
45,37,96,13,41,73
1800.0
1; 05-01-2021 14:37:33.147; 2
56,9
400.0
2; 05-01-2021 14:37:33.147; 5
8,48,29,54,98
1500.0
0; 05-01-2021 14:37:33.147; 10
75,24,90,60,3,28,62,29,30,2
1000.0
1; 05-01-2021 14:37:33.147; 4
74,23,92,70
800.0
2; 05-01-2021 14:37:35.146; 2
65,60
600.0
1; 05-01-2021 14:37:35.146; 9
82,26,92,70,42,91,80,20,29
1800.0
0; 05-01-2021 14:37:35.146; 6
17,14,93,39,70,50
600.0
0; 05-01-2021 14:37:35.146; 4
57,87,88,73
400.0
0; 05-01-2021 14:37:35.146; 1
79
100.0
0; 05-01-2021 14:37:35.146; 9
99,92,83,85,62,24,26,57,10
900.0
2; 05-01-2021 14:37:35.146; 2
32,95
600.0
2; 05-01-2021 14:37:35.147; 6
5,69,57,67,37,49
1800.0
2; 05-01-2021 14:37:35.147; 10
4,21,64,18,66,63,70,1,5,73
3000.0
1; 05-01-2021 14:37:35.147; 6
19,55,82,32,79,72
1200.0
0; 05-01-2021 14:37:37.146; 9
66,77,94,86,71,28,43,61,95
900.0
2; 05-01-2021 14:37:37.146; 8
85,46,60,50,32,11,74,83
2400.0
0; 05-01-2021 14:37:37.146; 10
44,12,37,47,87,34,77,14,35,20
1000.0
2; 05-01-2021 14:37:37.146; 5
72,27,78,95,34
1500.0
0; 05-01-2021 14:37:37.146; 6
87,59,34,57,35,88
600.0
1; 05-01-2021 14:37:37.146; 9
49,65,72,22,92,83,69,5,88
1800.0
2; 05-01-2021 14:37:37.146; 8
63,54,38,83,90,94,51,7
2400.0
0; 05-01-2021 14:37:37.146; 10
55,100,19,51,74,7,94,72,49,24
1000.0
1; 05-01-2021 14:37:37.146; 7
14,83,4,95,19,9,43
1400.0
1; 05-01-2021 14:37:37.146; 10
80,65,55,5,71,75,95,28,19,14
2000.0
0; 05-01-2021 14:37:39.145; 6
76,60,30,5,99,97
600.0
2; 05-01-2021 14:37:39.145; 3
52,66,26
900.0
1; 05-01-2021 14:37:39.147; 8
42,76,33,60,71,84,9,6
1600.0
2; 05-01-2021 14:37:39.147; 4
30,28,57,47
1200.0
2; 05-01-2021 14:37:39.147; 9
98,37,64,94,67,71,76,9,40
2700.0
0; 05-01-2021 14:37:39.147; 6
95,99,19,43,82,78
600.0
0; 05-01-2021 14:37:39.147; 9
29,70,72,47,51,50,81,77,49
900.0
1; 05-01-2021 14:37:39.147; 10
53,68,18,34,8,1,23,5,93,78
2000.0
0; 05-01-2021 14:37:39.147; 6
76,62,78,87,59,51
600.0
0; 05-01-2021 14:37:41.145; 1
47
100.0
2; 05-01-2021 14:37:41.146; 4
42,31,61,71
1200.0
1; 05-01-2021 14:37:41.146; 7
77,49,59,36,42,23,39
1400.0
2; 05-01-2021 14:37:41.146; 9
63,23,33,26,68,19,90,64,78
2700.0
1; 05-01-2021 14:37:41.146; 8
27,11,20,89,34,100,53,92
1600.0
0; 05-01-2021 14:37:41.146; 5
92,60,54,91,100
500.0
2; 05-01-2021 14:37:41.146; 2
95,84
600.0
0; 05-01-2021 14:37:43.145; 6
60,66,39,55,7,89
600.0
1; 05-01-2021 14:37:43.145; 4
7,17,96,86
800.0
2; 05-01-2021 14:37:43.145; 8
17,97,61,40,73,93,59,68
2400.0
1; 05-01-2021 14:37:43.145; 6
53,45,62,31,100,63
1200.0
2; 05-01-2021 14:37:43.146; 1
31
300.0
1; 05-01-2021 14:37:43.146; 7
55,36,5,1,60,75,73
1400.0
2; 05-01-2021 14:37:43.146; 7
30,65,99,85,18,25,94
2100.0
2; 05-01-2021 14:37:43.146; 8
39,19,55,15,38,36,76,9
2400.0
2; 05-01-2021 14:37:43.146; 3
55,36,71
900.0
2; 05-01-2021 14:37:43.146; 8
42,50,10,60,41,75,74,95
2400.0
0; 05-01-2021 14:37:45.145; 5
9,73,86,53,87
500.0
1; 05-01-2021 14:37:45.145; 2
47,70
400.0
1; 05-01-2021 14:37:45.145; 3
16,40,17
600.0
1; 05-01-2021 14:37:45.145; 1
48
200.0
2; 05-01-2021 14:37:45.146; 3
11,12,63
900.0
1; 05-01-2021 14:37:45.146; 2
1,5
400.0
1; 05-01-2021 14:37:45.146; 7
92,30,32,88,67,71,15
1400.0
0; 05-01-2021 14:37:45.146; 9
34,48,90,60,1,75,4,91,29
900.0
2; 05-01-2021 14:37:47.145; 10
93,58,92,17,42,27,40,65,34,43
3000.0
0; 05-01-2021 14:37:47.145; 10
25,64,67,66,43,45,15,99,8,56
1000.0
2; 05-01-2021 14:37:47.146; 2
92,84
600.0
1; 05-01-2021 14:37:47.146; 1
5
200.0
2; 05-01-2021 14:37:47.146; 6
35,27,67,100,40,79
1800.0
0; 05-01-2021 14:37:47.146; 4
60,66,98,69
400.0
1; 05-01-2021 14:37:49.145; 4
25,27,96,49
800.0
2; 05-01-2021 14:37:49.145; 7
30,73,8,5,40,59,53
2100.0
1; 05-01-2021 14:37:49.145; 8
83,87,54,5,38,80,71,47
1600.0
1; 05-01-2021 14:37:49.145; 7
47,11,26,77,41,16,56
1400.0
0; 05-01-2021 14:37:49.146; 8
53,79,94,51,43,20,85,29
800.0
1; 05-01-2021 14:37:49.146; 6
33,12,36,86,7,87
1200.0
2; 05-01-2021 14:37:49.146; 8
42,52,65,22,23,63,98,90
2400.0
1; 05-01-2021 14:37:49.146; 4
19,67,35,78
800.0
2; 05-01-2021 14:37:49.146; 2
97,7
600.0
1; 05-01-2021 14:37:49.146; 1
15
200.0
0; 05-01-2021 14:37:51.145; 1
16
100.0
0; 05-01-2021 14:37:51.145; 5
86,22,35,32,1
500.0
1; 05-01-2021 14:37:51.145; 8
49,92,45,39,27,72,98,60
1600.0
2; 05-01-2021 14:37:51.145; 1
8
300.0
1; 05-01-2021 14:37:51.146; 8
88,57,20,96,29,66,34,24
1600.0
1; 05-01-2021 14:37:51.146; 9
92,53,16,90,20,81,37,59,43
1800.0
1; 05-01-2021 14:37:51.146; 6
57,64,88,47,35,56
1200.0
0; 05-01-2021 14:37:51.146; 4
20,12,1,68
400.0
1; 05-01-2021 14:37:51.146; 5
31,9,34,35,95
1000.0
2; 05-01-2021 14:37:51.146; 2
59,60
600.0
1; 05-01-2021 14:37:53.147; 10
55,25,79,50,68,44,86,82,26,66
2000.0
1; 05-01-2021 14:37:53.147; 2
13,60
400.0
1; 05-01-2021 14:37:53.147; 1
41
200.0
2; 05-01-2021 14:37:53.147; 3
39,44,64
900.0
2; 05-01-2021 14:37:53.147; 9
92,56,5,84,81,17,87,4,30
2700.0
2; 05-01-2021 14:37:53.147; 10
88,52,12,80,11,74,19,3,37,28
3000.0
0; 05-01-2021 14:37:53.147; 8
93,70,56,24,98,36,54,68
800.0
1; 05-01-2021 14:37:53.147; 6
71,37,42,79,89,94
1200.0
0; 05-01-2021 14:37:53.147; 1
100
100.0
1; 05-01-2021 14:37:55.145; 5
28,99,78,4,10
1000.0
2; 05-01-2021 14:37:55.145; 10
54,24,13,23,44,79,19,21,48,97
3000.0
2; 05-01-2021 14:37:55.146; 8
98,62,13,49,15,10,8,40
2400.0
1; 05-01-2021 14:37:55.146; 10
59,93,88,8,25,24,36,54,9,98
2000.0
1; 05-01-2021 14:37:55.146; 9
52,4,60,33,23,58,94,37,79
1800.0
1; 05-01-2021 14:37:55.146; 2
56,22
400.0
2; 05-01-2021 14:37:55.146; 5
16,49,67,72,66
1500.0
0; 05-01-2021 14:37:55.146; 5
62,47,63,100,5
500.0
0; 05-01-2021 14:37:57.145; 5
33,91,98,67,14
500.0
1; 05-01-2021 14:37:57.145; 9
94,38,47,34,33,12,41,1,75
1800.0
2; 05-01-2021 14:37:57.145; 8
16,84,86,68,3,11,88,91
2400.0
0; 05-01-2021 14:37:57.145; 7
5,77,67,72,57,52,88
700.0
2; 05-01-2021 14:37:57.146; 2
87,24
600.0
2; 05-01-2021 14:37:57.146; 5
50,44,16,38,29
1500.0
0; 05-01-2021 14:37:57.146; 1
16
100.0
2; 05-01-2021 14:37:57.146; 7
71,53,62,34,97,36,75
2100.0
1; 05-01-2021 14:37:57.146; 2
22,78
400.0
1; 05-01-2021 14:37:57.146; 6
81,40,14,85,88,86
1200.0
2; 05-01-2021 14:37:59.146; 9
94,84,66,25,59,12,43,40,33
2700.0
0; 05-01-2021 14:37:59.146; 1
80
100.0
2; 05-01-2021 14:37:59.146; 4
10,3,58,61
1200.0
0; 05-01-2021 14:37:59.146; 5
77,20,54,47,83
500.0
1; 05-01-2021 14:37:59.146; 3
59,40,92
600.0
0; 05-01-2021 14:37:59.146; 6
18,11,68,17,25,56
600.0
0; 05-01-2021 14:37:59.146; 2
48,5
200.0
1; 05-01-2021 14:37:59.146; 3
24,60,16
600.0
1; 05-01-2021 14:37:59.146; 10
67,76,81,80,53,15,13,46,48,68
2000.0
0; 05-01-2021 14:38:01.145; 10
93,44,32,94,35,8,99,4,31,46
1000.0
1; 05-01-2021 14:38:01.145; 9
73,68,56,34,79,78,48,1,85
1800.0
2; 05-01-2021 14:38:01.145; 9
37,27,17,45,73,3,28,88,31
2700.0
1; 05-01-2021 14:38:01.147; 8
81,56,22,35,52,5,7,90
1600.0
1; 05-01-2021 14:38:01.147; 2
28,37
400.0
1; 05-01-2021 14:38:01.147; 7
8,15,91,31,61,38,96
1400.0
0; 05-01-2021 14:38:01.147; 3
77,19,91
300.0
1; 05-01-2021 14:38:01.147; 3
67,20,75
600.0
0; 05-01-2021 14:38:01.147; 10
18,99,97,72,82,10,57,62,96,46
1000.0
2; 05-01-2021 14:38:03.146; 3
22,44,33
900.0
2; 05-01-2021 14:38:03.146; 7
18,13,35,68,90,71,79
2100.0
0; 05-01-2021 14:38:03.146; 6
18,13,79,44,2,5
600.0
1; 05-01-2021 14:38:03.146; 5
20,45,48,26,95
1000.0
1; 05-01-2021 14:38:03.146; 3
29,53,81
600.0
0; 05-01-2021 14:38:03.146; 9
37,74,49,94,45,50,79,58,70
900.0
2; 05-01-2021 14:38:03.148; 10
42,71,46,28,92,85,72,70,69,13
3000.0
0; 05-01-2021 14:38:03.148; 8
15,44,25,9,23,50,12,78
800.0
0; 05-01-2021 14:38:03.148; 8
58,87,48,32,36,6,69,53
800.0
2; 05-01-2021 14:38:03.148; 3
15,67,55
900.0
2; 05-01-2021 14:38:05.145; 3
43,57,16
900.0
2; 05-01-2021 14:38:05.147; 3
16,28,88
900.0
0; 05-01-2021 14:38:05.147; 7
46,31,93,87,14,57,51
700.0
1; 05-01-2021 14:38:05.147; 4
33,6,94,19
800.0
1; 05-01-2021 14:38:05.147; 1
89
200.0
2; 05-01-2021 14:38:05.147; 3
62,28,30
900.0
1; 05-01-2021 14:38:05.147; 3
47,92,98
600.0
2; 05-01-2021 14:38:05.147; 8
2,37,13,70,10,19,18,75
2400.0
0; 05-01-2021 14:38:05.147; 2
20,94
200.0
2; 05-01-2021 14:38:05.147; 2
49,51
600.0
0; 05-01-2021 14:38:07.145; 5
5,86,91,62,13
500.0
0; 05-01-2021 14:38:07.145; 7
43,9,98,39,83,44,11
700.0
1; 05-01-2021 14:38:07.145; 9
16,78,45,95,67,94,36,18,14
1800.0
1; 05-01-2021 14:38:07.146; 3
55,70,8
600.0
2; 05-01-2021 14:38:07.146; 5
94,11,71,39,20
1500.0
1; 05-01-2021 14:38:07.146; 10
61,66,20,85,24,47,46,88,63,7
2000.0
0; 05-01-2021 14:38:07.146; 6
52,60,32,37,44,81
600.0
1; 05-01-2021 14:38:07.148; 9
74,93,70,48,53,6,82,36,18
1800.0
1; 05-01-2021 14:38:07.148; 3
90,76,37
600.0
1; 05-01-2021 14:38:07.148; 5
78,55,54,76,50
1000.0
0; 05-01-2021 14:38:09.146; 3
20,7,75
300.0
2; 05-01-2021 14:38:09.146; 5
20,32,15,33,82
1500.0
2; 05-01-2021 14:38:09.146; 7
18,21,34,7,44,63,9
2100.0
2; 05-01-2021 14:38:09.146; 5
39,34,17,26,5
1500.0
0; 05-01-2021 14:38:09.146; 3
53,84,14
300.0
2; 05-01-2021 14:38:09.146; 7
78,18,36,26,87,24,93
2100.0
1; 05-01-2021 14:38:09.146; 5
58,44,21,35,56
1000.0
1; 05-01-2021 14:38:09.146; 3
75,3,58
600.0
0; 05-01-2021 14:38:09.146; 7
61,29,96,45,75,89,97
700.0
1; 05-01-2021 14:38:09.146; 2
4,40
400.0
0; 05-01-2021 14:38:11.145; 6
68,16,12,97,74,79
600.0
2; 05-01-2021 14:38:11.145; 10
43,40,59,38,24,34,78,81,17,69
3000.0
2; 05-01-2021 14:38:11.145; 10
42,20,66,28,68,38,75,27,50,91
3000.0
0; 05-01-2021 14:38:11.145; 3
2,60,73
300.0
2; 05-01-2021 14:38:11.146; 7
28,61,15,88,74,12,70
2100.0
0; 05-01-2021 14:38:11.146; 10
98,96,80,85,22,59,69,10,81,20
1000.0
0; 05-01-2021 14:38:11.146; 5
99,9,17,82,18
500.0
2; 05-01-2021 14:38:11.146; 7
14,90,27,80,85,36,22
2100.0
2; 05-01-2021 14:38:11.146; 8
26,47,73,57,82,13,42,25
2400.0
2; 05-01-2021 14:38:11.146; 4
68,67,21,34
1200.0
2; 05-01-2021 14:38:13.145; 3
31,60,37
900.0
0; 05-01-2021 14:38:13.145; 5
67,73,81,54,88
500.0
0; 05-01-2021 14:38:13.145; 8
22,19,100,83,97,39,72,9
800.0
0; 05-01-2021 14:38:13.145; 9
27,75,21,65,24,33,30,41,70
900.0
0; 05-01-2021 14:38:13.145; 6
89,65,98,7,64,46
600.0
1; 05-01-2021 14:38:13.145; 6
68,57,16,69,93,36
1200.0
2; 05-01-2021 14:38:13.148; 9
79,92,34,30,56,29,14,46,86
2700.0
1; 05-01-2021 14:38:13.148; 8
9,58,73,62,50,78,85,15
1600.0
0; 05-01-2021 14:38:13.148; 10
10,54,46,90,33,22,23,19,11,38
1000.0
0; 05-01-2021 14:38:13.148; 2
46,16
200.0
0; 05-01-2021 14:38:15.145; 5
96,32,57,93,36
500.0
2; 05-01-2021 14:38:15.145; 8
42,76,19,84,17,75,12,20
2400.0
2; 05-01-2021 14:38:15.145; 3
63,6,44
900.0
0; 05-01-2021 14:38:15.145; 2
7,57
200.0
