05-01-2021 14:10:58.231
0; 0.0; corect;
1; 0.0; corect;
2; 0.0; corect;

05-01-2021 14:11:03.187
0; 500.0; corect; 10,58,61,74,81
1; 5000.0; corect; 3,7,13,21,26,28,29,31,35,37,38,47,48,49,56,61,69,70,74,75,76,80,81,84,90
2; 4800.0; corect; 1,23,25,39,41,61,62,64,67,72,75,81,89,90,91,93

05-01-2021 14:11:08.188
0; 2200.0; corect; 4,7,10,19,28,40,44,45,57,58,60,61,64,65,74,77,81,89,91,97,98,99
1; 6000.0; corect; 3,4,7,13,14,21,26,28,29,31,33,35,36,37,38,47,48,49,55,56,61,69,70,74,75,76,80,81,84,90
2; 8400.0; corect; 1,7,11,19,20,22,23,25,36,39,40,41,60,61,62,64,67,72,75,76,77,81,87,89,90,91,93,97

05-01-2021 14:11:13.187
0; 3600.0; corect; 4,7,8,10,13,14,19,20,25,28,30,31,40,41,43,44,45,57,58,60,61,64,65,69,73,74,77,81,84,89,91,93,96,97,98,99
1; 8200.0; corect; 3,4,7,9,13,14,15,16,17,21,26,28,29,31,33,35,36,37,38,39,41,47,48,49,55,56,57,61,63,69,70,74,75,76,80,81,84,90,93,94,98
2; 10800.0; corect; 1,7,11,15,19,20,22,23,25,29,36,39,40,41,44,50,58,60,61,62,64,67,69,72,75,76,77,79,81,84,87,89,90,91,93,97

05-01-2021 14:11:18.189
0; 4600.0; corect; 4,7,8,10,11,13,14,17,19,20,25,28,29,30,31,38,40,41,43,44,45,51,53,57,58,59,60,61,64,65,69,73,74,76,77,81,84,89,91,93,94,96,97,98,99,100
1; 8400.0; corect; 3,4,7,9,13,14,15,16,17,21,26,28,29,31,33,35,36,37,38,39,41,47,48,49,55,56,57,61,63,69,70,74,75,76,80,81,84,85,90,93,94,98
2; 12600.0; corect; 1,7,8,11,15,19,20,22,23,25,29,36,39,40,41,42,44,50,51,56,58,60,61,62,64,67,69,72,75,76,77,78,79,81,84,86,87,89,90,91,93,97

05-01-2021 14:11:23.187
0; 5000.0; corect; 4,7,8,10,11,13,14,17,19,20,25,28,29,30,31,34,38,40,41,43,44,45,51,53,57,58,59,60,61,64,65,69,70,73,74,76,77,78,81,84,89,90,91,93,94,96,97,98,99,100
1; 9000.0; corect; 3,4,7,9,13,14,15,16,17,21,24,26,28,29,31,33,35,36,37,38,39,41,42,47,48,49,55,56,57,61,63,69,70,74,75,76,80,81,84,85,86,90,93,94,98
2; 13200.0; corect; 1,7,8,11,15,19,20,22,23,25,29,36,39,40,41,42,44,50,51,56,58,60,61,62,64,67,69,72,74,75,76,77,78,79,80,81,84,86,87,89,90,91,93,97

05-01-2021 14:11:28.188
0; 5200.0; corect; 2,4,7,8,10,11,12,13,14,17,19,20,25,28,29,30,31,34,38,40,41,43,44,45,51,53,57,58,59,60,61,64,65,69,70,73,74,76,77,78,81,84,89,90,91,93,94,96,97,98,99,100
1; 9400.0; corect; 3,4,7,9,13,14,15,16,17,21,24,26,28,29,31,33,35,36,37,38,39,41,42,47,48,49,55,56,57,61,63,69,70,74,75,76,77,79,80,81,84,85,86,90,93,94,98
2; 13500.0; corect; 1,7,8,10,11,15,19,20,22,23,25,29,36,39,40,41,42,44,50,51,56,58,60,61,62,64,67,69,72,74,75,76,77,78,79,80,81,84,86,87,89,90,91,93,97

05-01-2021 14:11:33.187
0; 5400.0; corect; 2,4,7,8,10,11,12,13,14,17,19,20,24,25,28,29,30,31,34,38,40,41,43,44,45,51,53,55,57,58,59,60,61,64,65,69,70,73,74,76,77,78,81,84,89,90,91,93,94,96,97,98,99,100
1; 9400.0; corect; 3,4,7,9,13,14,15,16,17,21,24,26,28,29,31,33,35,36,37,38,39,41,42,47,48,49,55,56,57,61,63,69,70,74,75,76,77,79,80,81,84,85,86,90,93,94,98
2; 13500.0; corect; 1,7,8,10,11,15,19,20,22,23,25,29,36,39,40,41,42,44,50,51,56,58,60,61,62,64,67,69,72,74,75,76,77,78,79,80,81,84,86,87,89,90,91,93,97

05-01-2021 14:11:38.188
0; 5500.0; corect; 1,2,4,7,8,10,11,12,13,14,17,19,20,24,25,28,29,30,31,34,38,40,41,43,44,45,51,53,55,57,58,59,60,61,64,65,69,70,73,74,76,77,78,81,84,89,90,91,93,94,96,97,98,99,100
1; 9400.0; corect; 3,4,7,9,13,14,15,16,17,21,24,26,28,29,31,33,35,36,37,38,39,41,42,47,48,49,55,56,57,61,63,69,70,74,75,76,77,79,80,81,84,85,86,90,93,94,98
2; 13500.0; corect; 1,7,8,10,11,15,19,20,22,23,25,29,36,39,40,41,42,44,50,51,56,58,60,61,62,64,67,69,72,74,75,76,77,78,79,80,81,84,86,87,89,90,91,93,97

05-01-2021 14:11:43.187
0; 5500.0; corect; 1,2,4,7,8,10,11,12,13,14,17,19,20,24,25,28,29,30,31,34,38,40,41,43,44,45,51,53,55,57,58,59,60,61,64,65,69,70,73,74,76,77,78,81,84,89,90,91,93,94,96,97,98,99,100
1; 9400.0; corect; 3,4,7,9,13,14,15,16,17,21,24,26,28,29,31,33,35,36,37,38,39,41,42,47,48,49,55,56,57,61,63,69,70,74,75,76,77,79,80,81,84,85,86,90,93,94,98
2; 13800.0; corect; 1,6,7,8,10,11,15,19,20,22,23,25,29,36,39,40,41,42,44,50,51,56,58,60,61,62,64,67,69,72,74,75,76,77,78,79,80,81,84,86,87,89,90,91,93,97

05-01-2021 14:11:48.188
0; 6200.0; corect; 1,2,4,7,8,10,11,12,13,14,17,19,20,24,25,28,29,30,31,33,34,38,40,41,43,44,45,47,51,53,55,56,57,58,59,60,61,64,65,66,69,70,71,73,74,76,77,78,81,82,84,89,90,91,93,94,95,96,97,98,99,100
1; 9400.0; corect; 3,4,7,9,13,14,15,16,17,21,24,26,28,29,31,33,35,36,37,38,39,41,42,47,48,49,55,56,57,61,63,69,70,74,75,76,77,79,80,81,84,85,86,90,93,94,98
2; 13800.0; corect; 1,6,7,8,10,11,15,19,20,22,23,25,29,36,39,40,41,42,44,50,51,56,58,60,61,62,64,67,69,72,74,75,76,77,78,79,80,81,84,86,87,89,90,91,93,97

05-01-2021 14:11:53.188
0; 6200.0; corect; 1,2,4,7,8,10,11,12,13,14,17,19,20,24,25,28,29,30,31,33,34,38,40,41,43,44,45,47,51,53,55,56,57,58,59,60,61,64,65,66,69,70,71,73,74,76,77,78,81,82,84,89,90,91,93,94,95,96,97,98,99,100
1; 9600.0; corect; 1,3,4,7,9,13,14,15,16,17,21,24,26,28,29,31,33,35,36,37,38,39,41,42,47,48,49,55,56,57,61,63,69,70,74,75,76,77,79,80,81,84,85,86,90,93,94,98
2; 13800.0; corect; 1,6,7,8,10,11,15,19,20,22,23,25,29,36,39,40,41,42,44,50,51,56,58,60,61,62,64,67,69,72,74,75,76,77,78,79,80,81,84,86,87,89,90,91,93,97

05-01-2021 14:11:58.188
0; 6500.0; corect; 1,2,4,6,7,8,10,11,12,13,14,17,19,20,21,24,25,28,29,30,31,33,34,38,40,41,43,44,45,46,47,51,53,55,56,57,58,59,60,61,64,65,66,69,70,71,73,74,76,77,78,81,82,84,89,90,91,93,94,95,96,97,98,99,100
1; 9600.0; corect; 1,3,4,7,9,13,14,15,16,17,21,24,26,28,29,31,33,35,36,37,38,39,41,42,47,48,49,55,56,57,61,63,69,70,74,75,76,77,79,80,81,84,85,86,90,93,94,98
2; 13800.0; corect; 1,6,7,8,10,11,15,19,20,22,23,25,29,36,39,40,41,42,44,50,51,56,58,60,61,62,64,67,69,72,74,75,76,77,78,79,80,81,84,86,87,89,90,91,93,97

05-01-2021 14:12:03.188
0; 6700.0; corect; 1,2,4,6,7,8,10,11,12,13,14,17,19,20,21,23,24,25,28,29,30,31,33,34,38,40,41,43,44,45,46,47,49,51,53,55,56,57,58,59,60,61,64,65,66,69,70,71,73,74,76,77,78,81,82,84,89,90,91,93,94,95,96,97,98,99,100
1; 10200.0; corect; 1,3,4,7,9,13,14,15,16,17,21,24,26,28,29,31,33,35,36,37,38,39,41,42,47,48,49,55,56,57,61,63,69,70,74,75,76,77,79,80,81,82,83,84,85,86,89,90,93,94,98
2; 14700.0; corect; 1,6,7,8,10,11,14,15,19,20,22,23,25,29,36,39,40,41,42,44,50,51,56,58,59,60,61,62,64,67,69,71,72,74,75,76,77,78,79,80,81,84,86,87,89,90,91,93,97

05-01-2021 14:12:08.187
0; 6700.0; corect; 1,2,4,6,7,8,10,11,12,13,14,17,19,20,21,23,24,25,28,29,30,31,33,34,38,40,41,43,44,45,46,47,49,51,53,55,56,57,58,59,60,61,64,65,66,69,70,71,73,74,76,77,78,81,82,84,89,90,91,93,94,95,96,97,98,99,100
1; 10600.0; corect; 1,3,4,7,9,13,14,15,16,17,21,24,26,28,29,31,33,35,36,37,38,39,41,42,47,48,49,55,56,57,61,63,69,70,72,74,75,76,77,79,80,81,82,83,84,85,86,88,89,90,93,94,98
2; 16800.0; corect; 1,2,4,6,7,8,10,11,14,15,19,20,22,23,25,28,29,30,36,39,40,41,42,44,48,50,51,53,54,56,58,59,60,61,62,64,67,69,71,72,74,75,76,77,78,79,80,81,84,86,87,89,90,91,93,97

05-01-2021 14:12:13.188
0; 6700.0; corect; 1,2,4,6,7,8,10,11,12,13,14,17,19,20,21,23,24,25,28,29,30,31,33,34,38,40,41,43,44,45,46,47,49,51,53,55,56,57,58,59,60,61,64,65,66,69,70,71,73,74,76,77,78,81,82,84,89,90,91,93,94,95,96,97,98,99,100
1; 11200.0; corect; 1,3,4,7,9,13,14,15,16,17,21,22,24,26,28,29,31,33,35,36,37,38,39,41,42,47,48,49,55,56,57,61,63,69,70,72,74,75,76,77,78,79,80,81,82,83,84,85,86,88,89,90,93,94,98,100
2; 17400.0; corect; 1,2,4,6,7,8,10,11,14,15,17,19,20,22,23,25,28,29,30,36,39,40,41,42,44,48,49,50,51,53,54,56,58,59,60,61,62,64,67,69,71,72,74,75,76,77,78,79,80,81,84,86,87,89,90,91,93,97

05-01-2021 14:12:18.187
0; 6700.0; corect; 1,2,4,6,7,8,10,11,12,13,14,17,19,20,21,23,24,25,28,29,30,31,33,34,38,40,41,43,44,45,46,47,49,51,53,55,56,57,58,59,60,61,64,65,66,69,70,71,73,74,76,77,78,81,82,84,89,90,91,93,94,95,96,97,98,99,100
1; 11600.0; corect; 1,3,4,7,9,13,14,15,16,17,21,22,24,26,27,28,29,31,33,35,36,37,38,39,41,42,47,48,49,55,56,57,58,61,63,69,70,72,74,75,76,77,78,79,80,81,82,83,84,85,86,88,89,90,93,94,98,100
2; 17400.0; corect; 1,2,4,6,7,8,10,11,14,15,17,19,20,22,23,25,28,29,30,36,39,40,41,42,44,48,49,50,51,53,54,56,58,59,60,61,62,64,67,69,71,72,74,75,76,77,78,79,80,81,84,86,87,89,90,91,93,97

05-01-2021 14:12:23.188
0; 6700.0; corect; 1,2,4,6,7,8,10,11,12,13,14,17,19,20,21,23,24,25,28,29,30,31,33,34,38,40,41,43,44,45,46,47,49,51,53,55,56,57,58,59,60,61,64,65,66,69,70,71,73,74,76,77,78,81,82,84,89,90,91,93,94,95,96,97,98,99,100
1; 11600.0; corect; 1,3,4,7,9,13,14,15,16,17,21,22,24,26,27,28,29,31,33,35,36,37,38,39,41,42,47,48,49,55,56,57,58,61,63,69,70,72,74,75,76,77,78,79,80,81,82,83,84,85,86,88,89,90,93,94,98,100
2; 17400.0; corect; 1,2,4,6,7,8,10,11,14,15,17,19,20,22,23,25,28,29,30,36,39,40,41,42,44,48,49,50,51,53,54,56,58,59,60,61,62,64,67,69,71,72,74,75,76,77,78,79,80,81,84,86,87,89,90,91,93,97

05-01-2021 14:12:28.188
0; 6700.0; corect; 1,2,4,6,7,8,10,11,12,13,14,17,19,20,21,23,24,25,28,29,30,31,33,34,38,40,41,43,44,45,46,47,49,51,53,55,56,57,58,59,60,61,64,65,66,69,70,71,73,74,76,77,78,81,82,84,89,90,91,93,94,95,96,97,98,99,100
1; 12000.0; corect; 1,3,4,7,9,13,14,15,16,17,21,22,23,24,26,27,28,29,31,33,35,36,37,38,39,41,42,47,48,49,55,56,57,58,61,63,69,70,72,74,75,76,77,78,79,80,81,82,83,84,85,86,88,89,90,91,93,94,98,100
2; 17400.0; corect; 1,2,4,6,7,8,10,11,14,15,17,19,20,22,23,25,28,29,30,36,39,40,41,42,44,48,49,50,51,53,54,56,58,59,60,61,62,64,67,69,71,72,74,75,76,77,78,79,80,81,84,86,87,89,90,91,93,97

05-01-2021 14:12:33.187
0; 6700.0; corect; 1,2,4,6,7,8,10,11,12,13,14,17,19,20,21,23,24,25,28,29,30,31,33,34,38,40,41,43,44,45,46,47,49,51,53,55,56,57,58,59,60,61,64,65,66,69,70,71,73,74,76,77,78,81,82,84,89,90,91,93,94,95,96,97,98,99,100
1; 12200.0; corect; 1,3,4,7,9,13,14,15,16,17,21,22,23,24,26,27,28,29,31,33,35,36,37,38,39,41,42,47,48,49,55,56,57,58,60,61,63,69,70,72,74,75,76,77,78,79,80,81,82,83,84,85,86,88,89,90,91,93,94,98,100
2; 17400.0; corect; 1,2,4,6,7,8,10,11,14,15,17,19,20,22,23,25,28,29,30,36,39,40,41,42,44,48,49,50,51,53,54,56,58,59,60,61,62,64,67,69,71,72,74,75,76,77,78,79,80,81,84,86,87,89,90,91,93,97

05-01-2021 14:12:38.188
0; 6700.0; corect; 1,2,4,6,7,8,10,11,12,13,14,17,19,20,21,23,24,25,28,29,30,31,33,34,38,40,41,43,44,45,46,47,49,51,53,55,56,57,58,59,60,61,64,65,66,69,70,71,73,74,76,77,78,81,82,84,89,90,91,93,94,95,96,97,98,99,100
1; 12200.0; corect; 1,3,4,7,9,13,14,15,16,17,21,22,23,24,26,27,28,29,31,33,35,36,37,38,39,41,42,47,48,49,55,56,57,58,60,61,63,69,70,72,74,75,76,77,78,79,80,81,82,83,84,85,86,88,89,90,91,93,94,98,100
2; 17400.0; corect; 1,2,4,6,7,8,10,11,14,15,17,19,20,22,23,25,28,29,30,36,39,40,41,42,44,48,49,50,51,53,54,56,58,59,60,61,62,64,67,69,71,72,74,75,76,77,78,79,80,81,84,86,87,89,90,91,93,97

05-01-2021 14:12:43.187
0; 6700.0; corect; 1,2,4,6,7,8,10,11,12,13,14,17,19,20,21,23,24,25,28,29,30,31,33,34,38,40,41,43,44,45,46,47,49,51,53,55,56,57,58,59,60,61,64,65,66,69,70,71,73,74,76,77,78,81,82,84,89,90,91,93,94,95,96,97,98,99,100
1; 12200.0; corect; 1,3,4,7,9,13,14,15,16,17,21,22,23,24,26,27,28,29,31,33,35,36,37,38,39,41,42,47,48,49,55,56,57,58,60,61,63,69,70,72,74,75,76,77,78,79,80,81,82,83,84,85,86,88,89,90,91,93,94,98,100
2; 18000.0; corect; 1,2,4,6,7,8,10,11,14,15,17,19,20,22,23,25,28,29,30,35,36,39,40,41,42,44,48,49,50,51,52,53,54,56,58,59,60,61,62,64,67,69,71,72,74,75,76,77,78,79,80,81,84,86,87,89,90,91,93,97

05-01-2021 14:12:48.189
0; 6700.0; corect; 1,2,4,6,7,8,10,11,12,13,14,17,19,20,21,23,24,25,28,29,30,31,33,34,38,40,41,43,44,45,46,47,49,51,53,55,56,57,58,59,60,61,64,65,66,69,70,71,73,74,76,77,78,81,82,84,89,90,91,93,94,95,96,97,98,99,100
1; 12200.0; corect; 1,3,4,7,9,13,14,15,16,17,21,22,23,24,26,27,28,29,31,33,35,36,37,38,39,41,42,47,48,49,55,56,57,58,60,61,63,69,70,72,74,75,76,77,78,79,80,81,82,83,84,85,86,88,89,90,91,93,94,98,100
2; 18000.0; corect; 1,2,4,6,7,8,10,11,14,15,17,19,20,22,23,25,28,29,30,35,36,39,40,41,42,44,48,49,50,51,52,53,54,56,58,59,60,61,62,64,67,69,71,72,74,75,76,77,78,79,80,81,84,86,87,89,90,91,93,97

05-01-2021 14:12:53.188
0; 6900.0; corect; 1,2,4,6,7,8,10,11,12,13,14,17,19,20,21,23,24,25,28,29,30,31,33,34,38,40,41,43,44,45,46,47,49,51,53,55,56,57,58,59,60,61,64,65,66,69,70,71,73,74,76,77,78,79,81,82,84,87,89,90,91,93,94,95,96,97,98,99,100
1; 12200.0; corect; 1,3,4,7,9,13,14,15,16,17,21,22,23,24,26,27,28,29,31,33,35,36,37,38,39,41,42,47,48,49,55,56,57,58,60,61,63,69,70,72,74,75,76,77,78,79,80,81,82,83,84,85,86,88,89,90,91,93,94,98,100
2; 18000.0; corect; 1,2,4,6,7,8,10,11,14,15,17,19,20,22,23,25,28,29,30,35,36,39,40,41,42,44,48,49,50,51,52,53,54,56,58,59,60,61,62,64,67,69,71,72,74,75,76,77,78,79,80,81,84,86,87,89,90,91,93,97

05-01-2021 14:12:58.187
0; 6900.0; corect; 1,2,4,6,7,8,10,11,12,13,14,17,19,20,21,23,24,25,28,29,30,31,33,34,38,40,41,43,44,45,46,47,49,51,53,55,56,57,58,59,60,61,64,65,66,69,70,71,73,74,76,77,78,79,81,82,84,87,89,90,91,93,94,95,96,97,98,99,100
1; 13400.0; corect; 1,3,4,7,8,9,10,13,14,15,16,17,21,22,23,24,26,27,28,29,31,33,35,36,37,38,39,40,41,42,47,48,49,52,55,56,57,58,60,61,62,63,69,70,72,74,75,76,77,78,79,80,81,82,83,84,85,86,88,89,90,91,93,94,96,98,100
2; 18300.0; corect; 1,2,4,6,7,8,10,11,14,15,17,19,20,22,23,25,27,28,29,30,35,36,39,40,41,42,44,48,49,50,51,52,53,54,56,58,59,60,61,62,64,67,69,71,72,74,75,76,77,78,79,80,81,84,86,87,89,90,91,93,97



Vanzari esuate:
1; 05-01-2021 14:11:00.191; 10
66,4,62,87,65,80,30,47,45,52
2000.0
1; 05-01-2021 14:11:00.192; 3
41,29,87
600.0
1; 05-01-2021 14:11:00.192; 7
74,64,34,2,39,100,38
1400.0
1; 05-01-2021 14:11:00.191; 2
60,90
400.0
1; 05-01-2021 14:11:00.191; 8
18,90,98,9,97,57,78,76
1600.0
2; 05-01-2021 14:11:02.192; 10
60,53,75,93,62,20,56,11,33,31
3000.0
2; 05-01-2021 14:11:02.192; 7
49,47,17,23,32,2,86
2100.0
2; 05-01-2021 14:11:02.192; 4
15,49,23,25
1200.0
1; 05-01-2021 14:11:02.192; 6
63,43,59,45,94,80
1200.0
1; 05-01-2021 14:11:02.192; 8
20,69,15,42,56,83,60,57
1600.0
2; 05-01-2021 14:11:04.189; 9
17,32,15,37,61,22,46,59,60
2700.0
1; 05-01-2021 14:11:04.189; 7
11,79,90,47,63,51,14
1400.0
1; 05-01-2021 14:11:04.193; 9
3,16,82,41,52,77,61,44,72
1800.0
0; 05-01-2021 14:11:04.193; 9
20,32,13,71,65,54,75,77,22
900.0
1; 05-01-2021 14:11:04.193; 3
81,5,68
600.0
0; 05-01-2021 14:11:04.193; 9
14,21,44,20,60,96,37,26,36
900.0
1; 05-01-2021 14:11:06.189; 6
69,77,64,75,16,81
1200.0
0; 05-01-2021 14:11:06.189; 10
33,13,89,74,22,27,9,2,95,98
1000.0
0; 05-01-2021 14:11:06.193; 8
18,86,42,24,53,91,28,74
800.0
2; 05-01-2021 14:11:06.193; 8
57,26,89,33,12,50,51,22
2400.0
2; 05-01-2021 14:11:06.193; 2
24,76
600.0
1; 05-01-2021 14:11:06.193; 6
1,53,85,38,29,78
1200.0
2; 05-01-2021 14:11:06.193; 7
96,9,83,16,75,92,6
2100.0
2; 05-01-2021 14:11:08.188; 10
71,9,41,76,47,10,82,68,21,1
3000.0
0; 05-01-2021 14:11:08.190; 7
60,68,12,62,55,86,70
700.0
1; 05-01-2021 14:11:08.190; 10
44,24,65,81,26,40,49,20,88,5
2000.0
0; 05-01-2021 14:11:08.192; 4
99,7,24,86
400.0
1; 05-01-2021 14:11:08.192; 10
100,24,20,34,78,94,64,36,93,69
2000.0
0; 05-01-2021 14:11:08.192; 9
8,27,63,75,24,93,99,51,43
900.0
0; 05-01-2021 14:11:10.189; 6
77,27,15,50,91,44
600.0
0; 05-01-2021 14:11:10.189; 8
6,10,1,89,29,53,21,92
800.0
1; 05-01-2021 14:11:10.191; 6
18,15,51,91,85,63
1200.0
1; 05-01-2021 14:11:10.193; 7
40,63,50,31,60,10,29
1400.0
2; 05-01-2021 14:11:10.193; 1
20
300.0
0; 05-01-2021 14:11:10.193; 6
36,69,89,82,93,98
600.0
2; 05-01-2021 14:11:10.193; 1
50
300.0
2; 05-01-2021 14:11:10.193; 4
65,59,46,97
1200.0
0; 05-01-2021 14:11:12.191; 10
16,87,66,59,98,70,39,82,93,3
1000.0
0; 05-01-2021 14:11:12.193; 3
50,57,35
300.0
0; 05-01-2021 14:11:12.193; 10
96,4,55,97,50,22,57,52,84,81
1000.0
0; 05-01-2021 14:11:12.193; 5
97,50,83,27,22
500.0
1; 05-01-2021 14:11:12.193; 8
68,33,7,61,20,72,59,43
1600.0
0; 05-01-2021 14:11:14.190; 4
19,3,65,45
400.0
2; 05-01-2021 14:11:14.190; 9
74,97,33,37,43,89,3,40,25
2700.0
2; 05-01-2021 14:11:14.192; 9
95,80,42,23,5,90,65,12,76
2700.0
1; 05-01-2021 14:11:14.192; 2
16,13
400.0
1; 05-01-2021 14:11:14.192; 7
46,18,96,68,93,73,47
1400.0
2; 05-01-2021 14:11:14.192; 1
93
300.0
0; 05-01-2021 14:11:14.192; 7
42,26,80,8,84,78,61
700.0
0; 05-01-2021 14:11:14.192; 7
36,100,73,97,2,20,7
700.0
0; 05-01-2021 14:11:16.190; 7
53,69,73,15,78,39,70
700.0
2; 05-01-2021 14:11:16.190; 6
36,100,44,35,14,77
1800.0
0; 05-01-2021 14:11:16.190; 6
59,17,30,75,93,6
600.0
2; 05-01-2021 14:11:16.192; 5
16,7,74,40,23
1500.0
0; 05-01-2021 14:11:16.192; 4
84,61,11,59
400.0
0; 05-01-2021 14:11:16.192; 8
29,47,72,19,94,93,99,96
800.0
1; 05-01-2021 14:11:18.189; 4
15,81,97,14
800.0
1; 05-01-2021 14:11:18.189; 8
79,70,25,83,97,95,76,68
1600.0
0; 05-01-2021 14:11:18.189; 6
41,87,49,94,48,29
600.0
2; 05-01-2021 14:11:18.192; 9
48,23,60,31,42,88,2,43,36
2700.0
2; 05-01-2021 14:11:18.192; 3
99,11,74
900.0
1; 05-01-2021 14:11:18.192; 7
48,29,53,2,100,87,50
1400.0
0; 05-01-2021 14:11:18.192; 8
82,4,69,3,89,42,76,14
800.0
0; 05-01-2021 14:11:18.192; 2
74,83
200.0
1; 05-01-2021 14:11:18.192; 8
66,77,88,86,23,95,49,24
1600.0
0; 05-01-2021 14:11:20.190; 5
50,93,84,33,83
500.0
2; 05-01-2021 14:11:20.190; 9
22,36,41,75,14,3,12,51,88
2700.0
0; 05-01-2021 14:11:20.190; 9
47,58,50,74,87,89,44,70,49
900.0
2; 05-01-2021 14:11:20.192; 10
46,14,52,37,65,44,57,86,75,18
3000.0
0; 05-01-2021 14:11:20.192; 5
51,21,77,58,33
500.0
1; 05-01-2021 14:11:20.192; 9
91,62,93,49,66,11,1,76,6
1800.0
2; 05-01-2021 14:11:20.192; 10
37,89,2,45,4,53,60,32,94,75
3000.0
1; 05-01-2021 14:11:20.192; 8
91,48,88,26,58,29,100,96
1600.0
1; 05-01-2021 14:11:22.189; 9
78,38,86,80,11,76,89,55,62
1800.0
2; 05-01-2021 14:11:22.189; 10
77,32,57,65,48,12,88,85,29,94
3000.0
0; 05-01-2021 14:11:22.189; 9
23,17,41,82,5,48,36,44,24
900.0
0; 05-01-2021 14:11:22.189; 3
3,34,57
300.0
2; 05-01-2021 14:11:22.191; 9
13,37,21,65,67,41,4,77,63
2700.0
2; 05-01-2021 14:11:22.193; 10
52,64,75,94,68,17,99,22,56,15
3000.0
2; 05-01-2021 14:11:22.193; 9
41,13,58,71,79,56,70,45,1
2700.0
1; 05-01-2021 14:11:22.193; 7
3,13,96,84,32,39,68
1400.0
2; 05-01-2021 14:11:22.193; 3
77,12,76
900.0
1; 05-01-2021 14:11:24.189; 7
88,84,85,51,1,87,50
1400.0
1; 05-01-2021 14:11:24.189; 2
88,24
400.0
1; 05-01-2021 14:11:24.189; 1
4
200.0
2; 05-01-2021 14:11:24.192; 3
91,95,53
900.0
2; 05-01-2021 14:11:24.192; 8
47,87,9,81,3,96,65,58
2400.0
2; 05-01-2021 14:11:24.192; 4
48,39,12,29
1200.0
2; 05-01-2021 14:11:24.192; 6
5,41,84,71,73,27
1800.0
2; 05-01-2021 14:11:24.192; 1
79
300.0
2; 05-01-2021 14:11:26.191; 7
25,37,6,69,100,68,85
2100.0
1; 05-01-2021 14:11:26.191; 10
42,91,90,1,85,79,11,58,22,36
2000.0
0; 05-01-2021 14:11:26.191; 2
38,36
200.0
0; 05-01-2021 14:11:26.191; 10
54,48,29,51,21,89,85,52,82,69
1000.0
2; 05-01-2021 14:11:26.191; 3
63,69,33
900.0
1; 05-01-2021 14:11:26.193; 9
8,62,73,86,37,74,91,26,55
1800.0
1; 05-01-2021 14:11:26.193; 9
46,49,31,23,6,79,14,85,78
1800.0
2; 05-01-2021 14:11:26.193; 7
96,99,94,93,26,2,63
2100.0
0; 05-01-2021 14:11:26.193; 7
96,73,47,34,64,12,39
700.0
0; 05-01-2021 14:11:28.189; 3
98,78,99
300.0
0; 05-01-2021 14:11:28.189; 3
15,4,82
300.0
2; 05-01-2021 14:11:28.189; 3
65,64,25
900.0
0; 05-01-2021 14:11:28.189; 7
2,57,31,29,78,17,86
700.0
0; 05-01-2021 14:11:28.192; 7
50,1,80,93,14,79,81
700.0
2; 05-01-2021 14:11:28.192; 3
2,54,7
900.0
2; 05-01-2021 14:11:28.192; 2
89,44
600.0
1; 05-01-2021 14:11:28.192; 1
29
200.0
2; 05-01-2021 14:11:28.192; 9
79,17,36,76,85,93,61,40,92
2700.0
1; 05-01-2021 14:11:30.190; 9
31,10,9,88,6,96,97,78,53
1800.0
2; 05-01-2021 14:11:30.190; 6
85,1,51,15,60,30
1800.0
1; 05-01-2021 14:11:30.190; 10
64,29,71,10,50,94,4,15,83,68
2000.0
2; 05-01-2021 14:11:30.190; 5
93,23,69,53,28
1500.0
2; 05-01-2021 14:11:30.192; 9
28,23,18,27,84,72,82,11,74
2700.0
2; 05-01-2021 14:11:30.192; 5
4,93,72,98,39
1500.0
1; 05-01-2021 14:11:30.192; 1
81
200.0
1; 05-01-2021 14:11:30.192; 5
3,28,26,90,76
1000.0
2; 05-01-2021 14:11:30.192; 9
58,45,81,53,12,9,19,13,55
2700.0
2; 05-01-2021 14:11:32.189; 7
64,84,38,43,85,78,68
2100.0
1; 05-01-2021 14:11:32.189; 6
91,33,74,13,73,84
1200.0
1; 05-01-2021 14:11:32.189; 8
27,69,76,46,24,51,90,57
1600.0
1; 05-01-2021 14:11:32.189; 3
35,11,26
600.0
1; 05-01-2021 14:11:32.191; 8
30,70,52,94,4,44,41,15
1600.0
2; 05-01-2021 14:11:32.193; 10
63,87,90,60,59,43,69,62,47,34
3000.0
0; 05-01-2021 14:11:32.193; 9
24,18,28,37,23,50,88,57,19
900.0
0; 05-01-2021 14:11:32.193; 7
26,68,37,21,71,14,93
700.0
2; 05-01-2021 14:11:32.193; 2
51,93
600.0
2; 05-01-2021 14:11:32.193; 4
32,71,62,38
1200.0
0; 05-01-2021 14:11:34.191; 10
55,37,98,77,70,97,31,9,11,78
1000.0
1; 05-01-2021 14:11:34.191; 3
95,93,81
600.0
1; 05-01-2021 14:11:34.191; 9
80,17,90,58,75,96,31,74,98
1800.0
2; 05-01-2021 14:11:34.191; 6
74,6,33,90,15,56
1800.0
0; 05-01-2021 14:11:34.193; 6
31,38,36,77,60,97
600.0
2; 05-01-2021 14:11:34.193; 6
57,50,8,9,62,20
1800.0
2; 05-01-2021 14:11:34.193; 2
47,64
600.0
1; 05-01-2021 14:11:34.193; 7
59,73,34,16,48,17,8
1400.0
2; 05-01-2021 14:11:34.193; 2
42,68
600.0
0; 05-01-2021 14:11:34.193; 2
15,41
200.0
0; 05-01-2021 14:11:36.190; 8
89,4,79,84,48,99,65,2
800.0
2; 05-01-2021 14:11:36.190; 7
54,27,29,78,79,66,36
2100.0
1; 05-01-2021 14:11:36.190; 9
25,34,82,81,28,22,91,64,75
1800.0
2; 05-01-2021 14:11:36.190; 9
37,56,26,22,13,5,61,46,63
2700.0
0; 05-01-2021 14:11:36.192; 8
90,98,4,6,67,40,19,13
800.0
2; 05-01-2021 14:11:36.192; 7
88,68,80,10,49,44,84
2100.0
2; 05-01-2021 14:11:36.192; 4
100,65,1,76
1200.0
2; 05-01-2021 14:11:36.192; 3
89,37,40
900.0
0; 05-01-2021 14:11:36.192; 1
11
100.0
0; 05-01-2021 14:11:38.190; 1
38
100.0
0; 05-01-2021 14:11:38.190; 7
32,4,64,75,21,77,78
700.0
2; 05-01-2021 14:11:38.190; 8
89,66,28,43,36,51,38,30
2400.0
2; 05-01-2021 14:11:38.192; 6
2,10,8,67,9,66
1800.0
1; 05-01-2021 14:11:38.192; 9
85,74,5,90,93,4,32,84,35
1800.0
2; 05-01-2021 14:11:38.192; 4
82,20,44,46
1200.0
1; 05-01-2021 14:11:38.194; 5
27,18,56,7,90
1000.0
2; 05-01-2021 14:11:38.194; 6
89,2,18,85,12,58
1800.0
0; 05-01-2021 14:11:38.194; 2
15,30
200.0
1; 05-01-2021 14:11:40.190; 9
30,99,20,73,64,96,79,56,74
1800.0
0; 05-01-2021 14:11:40.190; 6
2,33,95,87,36,21
600.0
0; 05-01-2021 14:11:40.190; 9
92,16,3,29,2,87,98,67,38
900.0
0; 05-01-2021 14:11:40.190; 5
12,50,43,92,45
500.0
0; 05-01-2021 14:11:40.192; 1
64
100.0
0; 05-01-2021 14:11:40.192; 7
31,45,10,76,48,90,59
700.0
0; 05-01-2021 14:11:40.192; 8
90,22,67,5,8,25,34,66
800.0
0; 05-01-2021 14:11:40.192; 3
14,87,85
300.0
2; 05-01-2021 14:11:40.192; 8
77,11,39,32,89,55,92,88
2400.0
1; 05-01-2021 14:11:40.192; 10
95,16,90,88,41,64,52,38,14,21
2000.0
0; 05-01-2021 14:11:42.190; 9
3,15,24,29,99,84,91,7,31
900.0
1; 05-01-2021 14:11:42.190; 6
30,9,70,60,20,34
1200.0
0; 05-01-2021 14:11:42.190; 3
49,34,26
300.0
2; 05-01-2021 14:11:42.190; 5
41,65,42,7,91
1500.0
2; 05-01-2021 14:11:42.192; 3
22,27,94
900.0
0; 05-01-2021 14:11:42.192; 9
43,45,86,90,70,61,31,11,7
900.0
0; 05-01-2021 14:11:42.192; 2
13,12
200.0
0; 05-01-2021 14:11:42.192; 6
35,53,84,22,79,30
600.0
0; 05-01-2021 14:11:42.192; 3
87,84,10
300.0
2; 05-01-2021 14:11:42.192; 10
38,65,84,21,14,80,45,81,33,73
3000.0
0; 05-01-2021 14:11:44.189; 5
44,18,14,60,83
500.0
0; 05-01-2021 14:11:44.189; 7
47,51,13,54,83,8,21
700.0
0; 05-01-2021 14:11:44.191; 6
43,77,51,26,98,82
600.0
2; 05-01-2021 14:11:44.191; 4
86,52,20,49
1200.0
2; 05-01-2021 14:11:44.193; 6
42,17,66,73,56,24
1800.0
0; 05-01-2021 14:11:44.193; 10
93,32,62,75,76,27,25,46,88,24
1000.0
2; 05-01-2021 14:11:44.193; 10
78,73,19,62,34,42,16,55,63,86
3000.0
1; 05-01-2021 14:11:44.193; 4
99,65,64,14
800.0
1; 05-01-2021 14:11:44.193; 4
82,47,60,46
800.0
2; 05-01-2021 14:11:44.193; 7
82,10,39,100,38,68,9
2100.0
2; 05-01-2021 14:11:46.189; 4
42,65,92,55
1200.0
0; 05-01-2021 14:11:46.189; 9
90,83,8,87,30,68,86,29,40
900.0
1; 05-01-2021 14:11:46.189; 6
59,16,8,51,36,76
1200.0
2; 05-01-2021 14:11:46.189; 8
1,64,33,54,2,12,68,3
2400.0
0; 05-01-2021 14:11:46.191; 7
39,82,90,79,54,12,68
700.0
2; 05-01-2021 14:11:46.193; 7
80,31,92,38,11,19,77
2100.0
1; 05-01-2021 14:11:46.193; 9
83,15,53,95,47,91,61,36,59
1800.0
0; 05-01-2021 14:11:46.193; 7
8,20,52,84,100,28,97
700.0
2; 05-01-2021 14:11:46.193; 2
7,95
600.0
0; 05-01-2021 14:11:48.189; 8
17,36,24,91,20,16,64,4
800.0
0; 05-01-2021 14:11:48.189; 8
84,92,10,45,24,5,98,30
800.0
1; 05-01-2021 14:11:48.189; 10
9,25,27,75,76,40,34,91,49,98
2000.0
1; 05-01-2021 14:11:48.189; 9
19,81,100,88,48,21,40,51,68
1800.0
0; 05-01-2021 14:11:48.192; 7
16,68,46,17,84,48,92
700.0
2; 05-01-2021 14:11:48.192; 8
71,58,59,19,29,61,92,26
2400.0
0; 05-01-2021 14:11:48.192; 4
55,68,95,31
400.0
2; 05-01-2021 14:11:48.192; 6
89,68,27,40,52,100
1800.0
2; 05-01-2021 14:11:48.192; 5
99,84,2,53,47
1500.0
0; 05-01-2021 14:11:48.192; 1
89
100.0
0; 05-01-2021 14:11:50.189; 8
93,36,12,86,61,6,90,72
800.0
1; 05-01-2021 14:11:50.189; 8
91,80,90,67,20,89,59,34
1600.0
2; 05-01-2021 14:11:50.191; 3
7,79,52
900.0
1; 05-01-2021 14:11:50.193; 3
17,28,60
600.0
2; 05-01-2021 14:11:50.193; 8
91,99,81,35,19,100,57,58
2400.0
2; 05-01-2021 14:11:50.193; 4
86,40,89,48
1200.0
0; 05-01-2021 14:11:50.193; 2
25,58
200.0
0; 05-01-2021 14:11:50.193; 10
92,24,27,85,3,40,94,26,59,57
1000.0
0; 05-01-2021 14:11:50.193; 3
91,6,22
300.0
0; 05-01-2021 14:11:50.193; 2
71,51
200.0
1; 05-01-2021 14:11:52.189; 8
15,57,66,35,77,99,56,17
1600.0
1; 05-01-2021 14:11:52.189; 6
29,6,94,66,19,11
1200.0
1; 05-01-2021 14:11:52.189; 9
42,92,1,62,14,30,61,46,27
1800.0
0; 05-01-2021 14:11:52.189; 3
58,78,95
300.0
2; 05-01-2021 14:11:52.191; 10
64,10,65,98,23,22,85,78,99,46
3000.0
2; 05-01-2021 14:11:52.193; 9
56,80,19,29,86,57,15,79,38
2700.0
0; 05-01-2021 14:11:52.193; 4
73,82,71,15
400.0
2; 05-01-2021 14:11:52.193; 2
93,87
600.0
1; 05-01-2021 14:11:52.193; 10
51,96,82,40,42,85,2,20,57,37
2000.0
0; 05-01-2021 14:11:54.190; 8
28,73,27,2,50,15,16,47
800.0
1; 05-01-2021 14:11:54.190; 2
38,96
400.0
1; 05-01-2021 14:11:54.190; 10
43,33,12,37,44,73,20,26,52,40
2000.0
1; 05-01-2021 14:11:54.190; 6
28,99,43,8,22,76
1200.0
0; 05-01-2021 14:11:54.192; 8
49,4,87,8,33,27,50,56
800.0
2; 05-01-2021 14:11:54.192; 5
61,54,15,94,9
1500.0
2; 05-01-2021 14:11:54.192; 7
10,50,15,85,30,46,69
2100.0
1; 05-01-2021 14:11:54.192; 10
73,35,62,22,52,36,65,3,27,80
2000.0
1; 05-01-2021 14:11:54.192; 8
80,37,6,45,92,43,54,9
1600.0
0; 05-01-2021 14:11:56.191; 2
28,19
200.0
1; 05-01-2021 14:11:56.191; 2
90,55
400.0
1; 05-01-2021 14:11:56.191; 3
68,36,88
600.0
2; 05-01-2021 14:11:56.192; 5
18,16,67,74,97
1500.0
0; 05-01-2021 14:11:56.192; 7
17,29,49,3,87,76,39
700.0
2; 05-01-2021 14:11:56.192; 2
25,72
600.0
2; 05-01-2021 14:11:56.192; 10
56,64,19,28,6,66,12,80,65,46
3000.0
0; 05-01-2021 14:11:56.192; 4
45,18,75,66
400.0
1; 05-01-2021 14:11:56.192; 6
53,73,62,16,44,38
1200.0
0; 05-01-2021 14:11:58.190; 7
18,31,99,58,1,46,70
700.0
1; 05-01-2021 14:11:58.190; 10
38,93,51,94,88,62,97,99,31,46
2000.0
2; 05-01-2021 14:11:58.190; 2
2,8
600.0
2; 05-01-2021 14:11:58.190; 7
65,77,92,95,89,100,90
2100.0
2; 05-01-2021 14:11:58.192; 5
100,8,42,69,53
1500.0
1; 05-01-2021 14:11:58.193; 10
8,12,70,47,24,37,30,36,42,89
2000.0
0; 05-01-2021 14:11:58.193; 2
36,58
200.0
0; 05-01-2021 14:11:58.193; 8
90,64,48,41,62,5,25,42
800.0
1; 05-01-2021 14:11:58.193; 4
93,98,26,32
800.0
1; 05-01-2021 14:12:00.191; 6
75,86,53,56,74,11
1200.0
2; 05-01-2021 14:12:00.191; 10
52,91,22,78,6,15,10,35,49,31
3000.0
1; 05-01-2021 14:12:00.191; 10
31,7,39,67,38,8,52,59,13,81
2000.0
1; 05-01-2021 14:12:00.191; 6
70,63,66,37,53,28
1200.0
0; 05-01-2021 14:12:00.193; 8
5,67,100,60,33,82,95,96
800.0
1; 05-01-2021 14:12:00.193; 2
29,37
400.0
1; 05-01-2021 14:12:00.193; 9
85,75,12,59,50,42,6,36,98
1800.0
0; 05-01-2021 14:12:00.193; 8
81,66,5,46,21,17,87,7
800.0
0; 05-01-2021 14:12:00.193; 3
25,68,70
300.0
1; 05-01-2021 14:12:02.190; 6
21,62,26,61,93,32
1200.0
0; 05-01-2021 14:12:02.190; 3
16,59,75
300.0
1; 05-01-2021 14:12:02.190; 2
35,17
400.0
2; 05-01-2021 14:12:02.191; 8
41,14,93,92,53,28,51,62
2400.0
2; 05-01-2021 14:12:02.192; 6
19,55,93,12,23,95
1800.0
0; 05-01-2021 14:12:02.192; 3
73,23,29
300.0
1; 05-01-2021 14:12:02.192; 5
3,70,96,9,30
1000.0
2; 05-01-2021 14:12:02.192; 4
44,63,83,38
1200.0
2; 05-01-2021 14:12:04.190; 10
72,63,25,6,92,42,50,85,43,30
3000.0
2; 05-01-2021 14:12:04.190; 6
64,93,34,76,91,61
1800.0
1; 05-01-2021 14:12:04.190; 2
82,81
400.0
2; 05-01-2021 14:12:04.192; 8
40,47,93,39,51,24,61,64
2400.0
2; 05-01-2021 14:12:04.192; 6
12,75,60,23,91,9
1800.0
0; 05-01-2021 14:12:04.192; 8
32,50,83,77,46,31,95,91
800.0
2; 05-01-2021 14:12:04.192; 4
13,44,76,32
1200.0
2; 05-01-2021 14:12:06.189; 2
42,79
600.0
1; 05-01-2021 14:12:06.189; 10
30,84,87,91,28,12,18,17,50,71
2000.0
1; 05-01-2021 14:12:06.189; 8
18,45,31,89,47,9,17,97
1600.0
0; 05-01-2021 14:12:06.192; 2
18,34
200.0
0; 05-01-2021 14:12:06.192; 6
36,14,65,92,31,96
600.0
2; 05-01-2021 14:12:06.192; 10
60,63,9,19,4,42,99,93,12,83
3000.0
2; 05-01-2021 14:12:06.192; 2
27,76
600.0
0; 05-01-2021 14:12:06.192; 2
90,45
200.0
2; 05-01-2021 14:12:06.192; 10
14,28,5,77,64,41,45,85,36,78
3000.0
2; 05-01-2021 14:12:08.189; 2
10,22
600.0
0; 05-01-2021 14:12:08.189; 5
13,44,97,99,49
500.0
2; 05-01-2021 14:12:08.189; 3
96,10,21
900.0
1; 05-01-2021 14:12:08.191; 10
35,33,86,29,24,61,76,80,56,46
2000.0
2; 05-01-2021 14:12:08.193; 4
29,98,85,36
1200.0
2; 05-01-2021 14:12:08.193; 3
39,90,57
900.0
2; 05-01-2021 14:12:08.193; 2
14,81
600.0
0; 05-01-2021 14:12:08.193; 2
4,40
200.0
0; 05-01-2021 14:12:08.193; 8
53,72,20,36,8,3,49,34
800.0
0; 05-01-2021 14:12:10.189; 7
36,24,41,87,92,8,79
700.0
0; 05-01-2021 14:12:10.189; 4
14,41,46,100
400.0
1; 05-01-2021 14:12:10.189; 7
42,33,67,90,35,57,88
1400.0
2; 05-01-2021 14:12:10.189; 3
23,26,82
900.0
2; 05-01-2021 14:12:10.191; 2
73,1
600.0
2; 05-01-2021 14:12:10.193; 6
12,21,47,22,77,48
1800.0
2; 05-01-2021 14:12:10.193; 2
92,23
600.0
2; 05-01-2021 14:12:10.193; 9
67,48,61,11,41,32,29,8,47
2700.0
2; 05-01-2021 14:12:10.193; 6
62,96,79,47,43,81
1800.0
2; 05-01-2021 14:12:12.189; 5
41,54,29,39,30
1500.0
2; 05-01-2021 14:12:12.189; 4
57,54,24,20
1200.0
2; 05-01-2021 14:12:12.189; 6
80,89,78,69,45,64
1800.0
1; 05-01-2021 14:12:12.189; 9
21,27,2,84,37,11,98,52,20
1800.0
0; 05-01-2021 14:12:12.191; 2
58,67
200.0
0; 05-01-2021 14:12:12.193; 8
45,100,13,91,6,39,88,25
800.0
1; 05-01-2021 14:12:12.193; 7
37,33,6,23,29,94,73
1400.0
2; 05-01-2021 14:12:12.193; 3
51,4,73
900.0
0; 05-01-2021 14:12:12.193; 6
49,6,92,59,58,38
600.0
0; 05-01-2021 14:12:14.189; 3
30,60,5
300.0
2; 05-01-2021 14:12:14.189; 10
4,15,86,70,31,100,78,60,16,19
3000.0
1; 05-01-2021 14:12:14.189; 6
74,46,60,62,18,94
1200.0
0; 05-01-2021 14:12:14.189; 1
98
100.0
1; 05-01-2021 14:12:14.193; 7
44,82,91,10,94,18,39
1400.0
2; 05-01-2021 14:12:14.193; 3
46,32,56
900.0
1; 05-01-2021 14:12:14.193; 6
100,10,87,18,2,53
1200.0
0; 05-01-2021 14:12:14.194; 6
81,23,38,62,75,10
600.0
2; 05-01-2021 14:12:14.193; 1
62
300.0
0; 05-01-2021 14:12:16.191; 4
98,67,34,45
400.0
1; 05-01-2021 14:12:16.191; 5
29,23,34,68,6
1000.0
1; 05-01-2021 14:12:16.191; 3
59,44,58
600.0
1; 05-01-2021 14:12:16.191; 2
82,35
400.0
2; 05-01-2021 14:12:16.193; 4
84,7,42,29
1200.0
2; 05-01-2021 14:12:16.193; 10
83,41,10,92,71,82,59,38,70,91
3000.0
1; 05-01-2021 14:12:16.193; 6
4,38,42,55,96,67
1200.0
2; 05-01-2021 14:12:16.193; 4
17,86,85,40
1200.0
1; 05-01-2021 14:12:16.193; 5
81,75,57,22,26
1000.0
0; 05-01-2021 14:12:16.193; 5
95,3,18,49,40
500.0
0; 05-01-2021 14:12:18.189; 2
54,76
200.0
2; 05-01-2021 14:12:18.189; 4
61,60,78,88
1200.0
1; 05-01-2021 14:12:18.189; 8
61,66,64,59,97,12,84,91
1600.0
1; 05-01-2021 14:12:18.189; 4
67,19,21,60
800.0
2; 05-01-2021 14:12:18.192; 4
35,10,79,37
1200.0
0; 05-01-2021 14:12:18.192; 1
23
100.0
0; 05-01-2021 14:12:18.192; 5
81,75,1,22,29
500.0
2; 05-01-2021 14:12:18.192; 9
24,70,3,30,63,82,56,21,54
2700.0
0; 05-01-2021 14:12:18.192; 1
47
100.0
0; 05-01-2021 14:12:18.192; 6
88,4,79,81,57,48
600.0
1; 05-01-2021 14:12:20.190; 5
4,11,48,32,15
1000.0
1; 05-01-2021 14:12:20.190; 4
37,50,16,59
800.0
2; 05-01-2021 14:12:20.190; 7
85,32,25,33,18,96,63
2100.0
0; 05-01-2021 14:12:20.190; 1
56
100.0
2; 05-01-2021 14:12:20.192; 10
75,24,65,69,37,62,19,31,57,23
3000.0
0; 05-01-2021 14:12:20.192; 8
82,27,93,54,37,38,56,98
800.0
1; 05-01-2021 14:12:20.192; 5
18,41,15,32,62
1000.0
1; 05-01-2021 14:12:20.192; 6
44,74,97,83,71,49
1200.0
1; 05-01-2021 14:12:20.192; 6
87,64,20,100,99,17
1200.0
0; 05-01-2021 14:12:20.192; 4
39,34,48,84
400.0
1; 05-01-2021 14:12:22.189; 2
70,81
400.0
1; 05-01-2021 14:12:22.191; 1
78
200.0
0; 05-01-2021 14:12:22.191; 3
11,2,91
300.0
1; 05-01-2021 14:12:22.191; 7
62,38,30,82,96,27,76
1400.0
2; 05-01-2021 14:12:22.192; 4
70,23,40,37
1200.0
1; 05-01-2021 14:12:22.192; 6
85,25,1,23,31,96
1200.0
2; 05-01-2021 14:12:22.192; 10
73,89,1,79,48,34,99,51,4,18
3000.0
2; 05-01-2021 14:12:22.192; 9
95,20,21,31,85,45,54,86,92
2700.0
2; 05-01-2021 14:12:22.192; 2
51,34
600.0
1; 05-01-2021 14:12:22.192; 9
91,84,26,55,22,80,20,88,44
1800.0
2; 05-01-2021 14:12:24.189; 8
94,49,75,46,67,57,54,14
2400.0
2; 05-01-2021 14:12:24.189; 9
1,66,77,35,85,7,6,22,61
2700.0
0; 05-01-2021 14:12:24.189; 10
34,97,27,67,7,64,91,9,69,87
1000.0
1; 05-01-2021 14:12:24.189; 8
54,45,80,68,30,96,28,5
1600.0
0; 05-01-2021 14:12:24.191; 3
45,92,73
300.0
0; 05-01-2021 14:12:24.193; 10
34,82,14,83,38,11,40,44,33,45
1000.0
1; 05-01-2021 14:12:24.193; 7
64,81,44,92,24,43,26
1400.0
2; 05-01-2021 14:12:24.193; 2
49,86
600.0
2; 05-01-2021 14:12:24.193; 9
26,17,23,65,3,43,51,60,52
2700.0
1; 05-01-2021 14:12:24.193; 3
47,31,35
600.0
0; 05-01-2021 14:12:26.191; 8
58,85,65,100,87,12,92,47
800.0
2; 05-01-2021 14:12:26.191; 9
51,10,60,7,1,66,53,3,23
2700.0
2; 05-01-2021 14:12:26.191; 3
43,41,88
900.0
2; 05-01-2021 14:12:26.191; 8
82,9,88,44,35,32,84,94
2400.0
1; 05-01-2021 14:12:26.192; 9
39,47,6,72,64,37,31,87,63
1800.0
2; 05-01-2021 14:12:26.192; 3
35,34,14
900.0
0; 05-01-2021 14:12:26.192; 5
39,80,10,29,22
500.0
1; 05-01-2021 14:12:26.192; 3
43,89,6
600.0
2; 05-01-2021 14:12:26.192; 8
29,67,31,91,22,72,62,65
2400.0
0; 05-01-2021 14:12:28.190; 2
64,73
200.0
1; 05-01-2021 14:12:28.190; 8
21,19,26,88,31,84,76,62
1600.0
2; 05-01-2021 14:12:28.190; 10
29,56,71,1,44,100,41,38,9,77
3000.0
0; 05-01-2021 14:12:28.192; 10
61,87,45,60,93,21,11,96,57,91
1000.0
0; 05-01-2021 14:12:28.192; 3
73,89,64
300.0
1; 05-01-2021 14:12:28.192; 9
57,24,35,45,73,27,83,53,91
1800.0
2; 05-01-2021 14:12:28.192; 3
29,37,7
900.0
2; 05-01-2021 14:12:28.192; 10
83,33,71,47,54,99,70,29,36,7
3000.0
2; 05-01-2021 14:12:28.192; 9
55,100,93,74,64,61,92,66,59
2700.0
2; 05-01-2021 14:12:30.189; 2
12,6
600.0
0; 05-01-2021 14:12:30.189; 7
7,33,11,83,51,67,75
700.0
0; 05-01-2021 14:12:30.189; 6
10,97,88,48,91,68
600.0
0; 05-01-2021 14:12:30.189; 10
16,3,63,12,61,14,96,37,38,30
1000.0
0; 05-01-2021 14:12:30.191; 4
67,46,3,60
400.0
2; 05-01-2021 14:12:30.193; 6
68,30,83,40,16,45
1800.0
2; 05-01-2021 14:12:30.193; 7
100,97,53,42,81,90,65
2100.0
1; 05-01-2021 14:12:30.193; 10
93,60,75,35,3,76,21,56,15,83
2000.0
2; 05-01-2021 14:12:30.193; 7
43,10,42,70,51,85,46
2100.0
1; 05-01-2021 14:12:30.193; 7
27,48,90,83,47,28,36
1400.0
2; 05-01-2021 14:12:32.190; 3
65,93,8
900.0
2; 05-01-2021 14:12:32.190; 10
95,61,16,33,69,1,72,15,9,36
3000.0
0; 05-01-2021 14:12:32.190; 5
22,84,70,38,49
500.0
1; 05-01-2021 14:12:32.190; 2
79,68
400.0
1; 05-01-2021 14:12:32.193; 7
36,31,37,52,27,8,7
1400.0
0; 05-01-2021 14:12:32.193; 7
17,64,82,89,98,90,91
700.0
0; 05-01-2021 14:12:32.193; 10
50,34,89,24,45,26,51,98,41,13
1000.0
2; 05-01-2021 14:12:32.193; 7
48,23,1,97,77,39,30
2100.0
2; 05-01-2021 14:12:32.193; 9
76,42,97,8,73,37,7,54,89
2700.0
0; 05-01-2021 14:12:32.193; 3
95,44,69
300.0
0; 05-01-2021 14:12:34.191; 2
51,63
200.0
2; 05-01-2021 14:12:34.191; 9
69,33,49,5,8,100,93,22,39
2700.0
2; 05-01-2021 14:12:34.191; 1
30
300.0
1; 05-01-2021 14:12:34.191; 9
94,5,28,38,98,8,19,9,39
1800.0
1; 05-01-2021 14:12:34.192; 4
37,84,46,59
800.0
0; 05-01-2021 14:12:34.192; 4
92,57,23,3
400.0
0; 05-01-2021 14:12:34.192; 3
42,40,73
300.0
0; 05-01-2021 14:12:34.192; 2
84,31
200.0
1; 05-01-2021 14:12:34.192; 10
93,36,33,100,42,76,27,52,7,53
2000.0
0; 05-01-2021 14:12:34.192; 7
95,38,61,78,39,49,96
700.0
0; 05-01-2021 14:12:36.190; 3
89,68,27
300.0
2; 05-01-2021 14:12:36.190; 6
17,27,100,75,83,47
1800.0
1; 05-01-2021 14:12:36.190; 6
75,31,44,80,4,23
1200.0
2; 05-01-2021 14:12:36.190; 7
28,39,85,97,2,93,70
2100.0
1; 05-01-2021 14:12:36.193; 7
17,31,37,46,56,97,63
1400.0
1; 05-01-2021 14:12:36.193; 8
6,65,39,21,30,36,87,25
1600.0
2; 05-01-2021 14:12:36.193; 3
45,50,65
900.0
2; 05-01-2021 14:12:36.193; 10
71,32,3,19,1,20,18,30,99,49
3000.0
1; 05-01-2021 14:12:36.193; 4
26,45,80,62
800.0
0; 05-01-2021 14:12:36.193; 6
42,61,73,17,70,12
600.0
0; 05-01-2021 14:12:38.190; 9
97,39,72,91,21,29,65,35,75
900.0
1; 05-01-2021 14:12:38.190; 3
89,96,21
600.0
1; 05-01-2021 14:12:38.190; 9
27,61,19,24,44,93,75,67,15
1800.0
2; 05-01-2021 14:12:38.190; 9
18,19,5,50,63,30,90,1,74
2700.0
0; 05-01-2021 14:12:38.192; 7
52,80,90,48,27,79,22
700.0
1; 05-01-2021 14:12:38.192; 8
39,11,10,19,15,41,89,70
1600.0
2; 05-01-2021 14:12:38.192; 8
90,9,92,22,10,6,43,56
2400.0
2; 05-01-2021 14:12:38.192; 5
30,2,33,51,40
1500.0
0; 05-01-2021 14:12:38.192; 10
21,79,17,100,62,39,48,69,88,34
1000.0
0; 05-01-2021 14:12:38.192; 10
9,86,36,80,3,94,53,26,47,54
1000.0
1; 05-01-2021 14:12:40.190; 7
68,12,84,37,47,62,56
1400.0
2; 05-01-2021 14:12:40.190; 3
84,60,16
900.0
0; 05-01-2021 14:12:40.190; 3
67,89,13
300.0
1; 05-01-2021 14:12:40.190; 4
61,35,93,86
800.0
2; 05-01-2021 14:12:40.192; 9
54,13,43,86,6,30,40,27,26
2700.0
0; 05-01-2021 14:12:40.192; 2
24,48
200.0
2; 05-01-2021 14:12:40.192; 1
86
300.0
2; 05-01-2021 14:12:40.192; 6
75,14,55,49,38,82
1800.0
1; 05-01-2021 14:12:40.192; 9
58,11,13,81,93,3,84,78,44
1800.0
1; 05-01-2021 14:12:42.189; 4
74,4,24,7
800.0
2; 05-01-2021 14:12:42.189; 1
19
300.0
1; 05-01-2021 14:12:42.189; 10
85,65,93,48,27,76,45,20,86,80
2000.0
1; 05-01-2021 14:12:42.189; 4
74,62,79,25
800.0
0; 05-01-2021 14:12:42.191; 10
39,95,2,97,25,3,1,93,91,46
1000.0
0; 05-01-2021 14:12:42.192; 7
58,88,60,54,70,62,64
700.0
2; 05-01-2021 14:12:42.192; 5
70,80,4,15,29
1500.0
1; 05-01-2021 14:12:42.192; 9
4,71,10,91,33,42,20,85,56
1800.0
1; 05-01-2021 14:12:42.192; 9
31,5,7,22,87,92,25,39,52
1800.0
1; 05-01-2021 14:12:42.192; 6
69,52,2,53,66,46
1200.0
1; 05-01-2021 14:12:44.189; 7
10,98,59,49,45,95,6
1400.0
0; 05-01-2021 14:12:44.189; 6
36,21,92,84,48,16
600.0
2; 05-01-2021 14:12:44.189; 10
15,52,41,71,17,24,45,35,69,100
3000.0
0; 05-01-2021 14:12:44.191; 3
71,38,4
300.0
0; 05-01-2021 14:12:44.191; 7
15,18,87,19,64,72,75
700.0
0; 05-01-2021 14:12:44.192; 7
69,9,33,41,94,28,56
700.0
0; 05-01-2021 14:12:44.192; 5
27,66,1,78,19
500.0
1; 05-01-2021 14:12:44.192; 10
31,20,92,58,81,18,8,41,56,91
2000.0
0; 05-01-2021 14:12:44.192; 10
91,79,52,25,74,63,60,56,59,92
1000.0
2; 05-01-2021 14:12:44.192; 4
52,30,31,23
1200.0
1; 05-01-2021 14:12:46.189; 6
10,75,41,16,98,31
1200.0
0; 05-01-2021 14:12:46.189; 7
30,99,61,62,13,2,93
700.0
2; 05-01-2021 14:12:46.189; 8
90,58,37,46,78,56,45,77
2400.0
2; 05-01-2021 14:12:46.189; 10
27,70,15,82,46,13,65,99,48,81
3000.0
2; 05-01-2021 14:12:46.191; 2
96,29
600.0
2; 05-01-2021 14:12:46.193; 9
29,55,97,7,42,67,95,63,49
2700.0
1; 05-01-2021 14:12:46.193; 4
75,54,72,49
800.0
2; 05-01-2021 14:12:46.193; 2
79,13
600.0
2; 05-01-2021 14:12:46.193; 6
76,33,94,38,28,30
1800.0
0; 05-01-2021 14:12:46.193; 9
15,60,98,41,36,14,65,80,50
900.0
1; 05-01-2021 14:12:48.189; 8
26,76,73,59,29,43,81,92
1600.0
2; 05-01-2021 14:12:48.189; 9
72,93,10,34,2,15,95,47,19
2700.0
0; 05-01-2021 14:12:48.190; 9
57,28,80,26,74,20,37,2,90
900.0
2; 05-01-2021 14:12:48.190; 6
67,18,1,100,6,70
1800.0
0; 05-01-2021 14:12:48.192; 4
41,86,25,5
400.0
1; 05-01-2021 14:12:48.192; 4
49,25,61,79
800.0
0; 05-01-2021 14:12:48.194; 10
81,54,43,40,52,53,84,71,93,45
1000.0
2; 05-01-2021 14:12:48.194; 8
65,54,84,62,4,36,68,85
2400.0
2; 05-01-2021 14:12:48.194; 8
42,87,67,26,61,73,81,29
2400.0
0; 05-01-2021 14:12:48.194; 3
81,33,34
300.0
2; 05-01-2021 14:12:50.191; 2
2,74
600.0
0; 05-01-2021 14:12:50.191; 3
71,92,39
300.0
1; 05-01-2021 14:12:50.191; 4
29,86,73,20
800.0
0; 05-01-2021 14:12:50.191; 7
21,86,15,39,19,13,37
700.0
0; 05-01-2021 14:12:50.192; 6
59,94,52,83,68,31
600.0
2; 05-01-2021 14:12:50.192; 6
50,22,83,96,35,90
1800.0
2; 05-01-2021 14:12:50.192; 9
97,96,69,41,3,65,80,77,92
2700.0
1; 05-01-2021 14:12:50.192; 3
65,33,92
600.0
0; 05-01-2021 14:12:50.192; 7
71,91,15,83,6,36,42
700.0
0; 05-01-2021 14:12:52.189; 2
87,93
200.0
0; 05-01-2021 14:12:52.189; 1
78
100.0
1; 05-01-2021 14:12:52.189; 5
61,16,90,27,12
1000.0
1; 05-01-2021 14:12:52.189; 3
87,38,15
600.0
0; 05-01-2021 14:12:52.191; 7
67,71,19,62,12,42,18
700.0
1; 05-01-2021 14:12:52.193; 4
81,60,15,82
800.0
2; 05-01-2021 14:12:52.193; 2
79,25
600.0
2; 05-01-2021 14:12:52.193; 10
63,6,35,44,45,7,11,83,100,81
3000.0
0; 05-01-2021 14:12:52.193; 6
47,91,84,61,39,11
600.0
0; 05-01-2021 14:12:52.193; 5
70,52,98,37,25
500.0
2; 05-01-2021 14:12:54.190; 6
46,55,88,96,89,18
1800.0
1; 05-01-2021 14:12:54.190; 2
87,48
400.0
1; 05-01-2021 14:12:54.190; 10
54,94,15,92,73,33,30,80,69,23
2000.0
2; 05-01-2021 14:12:54.190; 4
7,64,86,52
1200.0
0; 05-01-2021 14:12:54.192; 3
56,77,15
300.0
0; 05-01-2021 14:12:54.192; 4
95,7,22,32
400.0
2; 05-01-2021 14:12:54.192; 10
92,2,98,22,64,16,85,82,29,86
3000.0
2; 05-01-2021 14:12:54.192; 9
77,38,80,26,71,82,24,98,47
2700.0
1; 05-01-2021 14:12:54.192; 4
51,98,47,86
800.0
0; 05-01-2021 14:12:56.189; 6
87,77,83,72,43,36
600.0
0; 05-01-2021 14:12:56.190; 1
69
100.0
0; 05-01-2021 14:12:56.190; 3
74,18,99
300.0
0; 05-01-2021 14:12:56.190; 8
83,88,12,45,49,52,8,42
800.0
0; 05-01-2021 14:12:56.192; 4
99,54,89,57
400.0
1; 05-01-2021 14:12:56.192; 8
30,38,8,23,81,68,29,51
1600.0
1; 05-01-2021 14:12:56.192; 8
40,90,64,2,26,87,63,3
1600.0
2; 05-01-2021 14:12:56.192; 6
64,89,34,90,32,9
1800.0
1; 05-01-2021 14:12:56.192; 5
85,38,87,35,90
1000.0
2; 05-01-2021 14:12:58.189; 2
1,88
600.0
2; 05-01-2021 14:12:58.191; 10
63,84,73,14,45,5,70,16,49,53
3000.0
0; 05-01-2021 14:12:58.191; 9
14,5,8,9,73,44,93,97,89
900.0
2; 05-01-2021 14:12:58.191; 5
98,88,94,61,82
1500.0
